-12
+65
+21
+71
0
+60
+7
+56
+9
+75
-33
+52
-12
+72
-5
+78
-9
+66
0
+73
-16
+45
-7
+51
-34
+75
-22
0
-237
-170
-200
-170
-282
-249
-291
-281
-305
-273
-347
-287
-349
-312
-320
-132
-206
-168
-251
-99
-406
-360
-434
-403
-415
-374
-380
-370
-480
-406
-447
-420
-518
-497
-544
-492
-517
-457
-574
-416
-593
-518
-688
-648
-730
-700
-1172
-1184
-1761
-475
-467
-480
-504
-463
-522
-486
-515
-489
-573
-540
-603
-486
-605
-587
-577
-463
-487
-487
-507
-487
-539
-539
-567
-508
-558
-546
-619
-525
-588
-508
-528
-543
-546
-550
-612
-565
-699
-562
-591
-813
-797
-855
-931
-1045
-1326
-1642
-1128
-1696
-1548
-1667
-2572
-6580
-3464
#-14
-7411
#-10
#-8
#-8
+9
+54
-7
+52
0
+54
-9
+43
-22
+70
-17
+50
-13
+51
-55
+22
-21
+41
-11
+95
-38
+27
-50
+41
-36
+92
-42
0
-244
-109
-180
-76
-125
-71
-134
+38
+2
+207
-2
+18
-165
-131
-156
-112
-251
0
-291
-87
-614
-55
-236
-22
-234
-83
-145
-25
+65
-73
+24
-307
-156
-436
-96
-65
-89
-456
-400
-458
0
-89
-65
-181
0
-69
0
+75
0
+61
+8
+58
-19
+59
+22
+112
+60
+99
+5
+87
+30
+60
-26
+35
-24
+26
-51
+37
-32
+14
-51
+46
-20
+43
-7
+22
-33
+55
-2
+62
+6
+67
-14
+55
-72
-46
-70
-38
-88
0
-50
+3
-31
0
-9
+59
-70
-24
-75
+71
+29
+73
-40
+178
+121
+192
+138
+212
+162
+231
+165
+268
+223
+261
+234
+350
+252
+770
+769
+68
+7
+81
+14
+43
-6
+75
+38
+98
+34
+94
+50
+100
+28
+61
+10
+50
0
+57
+15
+46
+1
+52
-64
+87
+26
+85
+33
+112
+26
+128
+109
+138
+55
+144
+101
+113
0
+69
+15
+81
+97
+205
+141
+162
+137
+197
+162
+179
+152
+208
+161
+187
+186
+180
+161
+167
+44
+107
+46
+79
+61
+81
+50
+9
0
+9
+8
+50
+9
+9
+9
+68
-11
+40
-35
+57
-46
+49
-25
+29
-32
+19
-21
+21
0
+39
-32
+26
-25
+172
+87
+127
+59
+101
+60
+104
+43
+80
+53
+178
+92
+164
+95
+171
+134
+150
+143
+298
+232
+238
+257
+266
+178
+182
+159
+200
+115
+112
+101
+142
+105
+469
+432
+13
+88
-2
+72
0
+50
-41
+30
-23
+80
0
+63
-36
+53
0
+37
-26
+28
-94
-73
-112
-45
-72
-39
-83
-2
-145
-68
-134
-40
-117
-81
-158
0
-105
-29
-97
-62
-274
-255
-343
-145
-179
-163
-319
-315
-458
-455
-961
-976
+90
+52
+78
+53
+87
+29
+100
+32
+68
+14
+69
+10
+53
-49
+9
-42
+16
-33
+23
-19
+44
-15
+65
0
+64
+21
+60
+30
+48
-1
+71
+15
+65
+32
+95
+46
+128
+75
+94
+61
+105
0
+95
+31
+58
+12
+109
+49
+87
+45
+153
+20
+55
0
+54
0
+46
0
+74
+22
+69
-129
-98
-145
-39
-250
-189
-237
-137
-320
-300
-329
-204
-234
-218
-276
-288
-415
0
-231
0
-285
-249
-313
0
0
0
0
+211
+108
+155
+175
+839
+922
+899
+621
+565
+211
+1836
+105
+190
+142
+263
+162
+211
+158
+82
+122
+38
+9
0
+27
0
0
+9
0
+9
0
0
+9
0
0
0
+16
+9
+23
0
+26
0
+22
0
+6
0
+122
0
+114
0
+58
+105
+91
+1230
#+17
+1409
#+4
+92
+61
+85
+39
+132
+75
+132
+77
+94
+107
+108
+4
+107
-118
+100
+8
+72
-77
+125
+92
+158
+30
+156
+63
+137
+73
+186
+89
+137
+96
+123
+48
+175
+105
+154
+109
+262
+213
+255
+137
+203
+163
+224
+172
+211
+167
+200
+181
+217
+153
+796
+783
+24
+95
+58
+118
+18
+105
-41
+80
-25
+53
0
+34
-61
+53
-56
+41
0
+58
0
+71
0
+41
+18
+70
+33
+63
+26
-12
+51
-23
+63
-30
+44
-8
+42
0
+60
0
+71
+1
+116
+87
+134
+42
+86
-30
+9
-49
0
-49
-13
-75
-10
-54
-34
-78
-30
-66
-32
-161
0
-150
-104
-182
-151
-162
-150
-211
-174
-202
-163
-216
-52
-74
-50
-71
0
-10
0
0
0
-9
0
-13
0
-415
-463
-513
-540
-522
-774
-621
-528
-369
-658
-604
-421
-1150
-803
-540
-701
-733
-976
-1040
-1148
-1220
-1180
-1866
-6691
-7268
-1714
-5499
-5499
-5504
-5499
-5499
-5499
-5504
-5504
-5504
#-14
+3
+55
-2
+58
+13
+89
0
+75
+12
+74
+11
+89
-6
+56
0
+66
-45
0
-37
+33
-84
+23
-19
+41
-43
+28
-64
+67
-15
+56
0
+12
-41
-12
-52
-21
-85
-43
-52
-17
0
0
-57
-34
-27
0
-65
0
-46
-10
-58
-12
-36
0
+14
+45
-12
+69
0
+79
+19
+69
+37
+72
+25
+89
+22
+65
+21
+72
+24
+54
+34
+62
0
+64
+8
+105
+43
+120
+43
+139
+118
+141
+100
+137
-47
-13
-127
-66
-203
-186
-235
-187
-293
-311
-336
-302
-550
-561
-589
-396
-420
-408
-537
-353
-662
-844
-751
-822
-838
-878
-841
-776
-921
-598
-683
-629
-1007
-987
+9
+58
0
+54
-15
+49
-25
+22
-22
+43
-27
+34
-32
+26
0
+28
0
0
-7
+50
0
+47
+19
+10
-25
+18
-24
+9
-18
+7
-28
+24
-25
+7
-18
+9
-40
+12
-37
0
-19
+19
-37
0
-30
0
-28
0
-71
0
-53
-19
-37
-30
-44
+25
0
+50
0
+50
+22
+140
+134
+174
0
+75
0
0
0
0
0
+163
+155
+221
+185
+224
+194
+220
+208
+216
+224
+233
+224
+281
+227
+263
+253
+242
+268
+227
+257
+243
+244
+261
+227
+248
+234
+235
+256
+227
+248
+234
+240
+270
+227
+248
+234
+340
+270
+363
+244
+270
+227
+285
+261
+227
+285
+244
+335
+270
+227
+352
+303
+335
+276
+347
+316
+294
+324
+276
+341
+396
+294
+310
+276
+347
+408
+414
+653
+600
+815
+6020
+5509
+5523
#+20
#+10
#+9
#+11
#+6
+45
-7
+45
-12
+20
-14
+40
0
+46
-27
+96
+8
+29
0
+62
-9
+45
0
+40
+22
+32
-20
+24
-28
+28
-43
+38
-48
+12
0
+63
+5
+46
+72
+13
+79
+23
+57
+17
+75
0
+93
0
+84
+2
+86
+5
+56
-21
+75
+43
+88
+15
+110
+33
+85
+47
+90
+38
+96
-58
+46
-9
+10
-7
-6
-19
0
-57
+9
-30
-8
-12
+11
-37
0
-14
0
-22
+60
+9
+48
0
+9
+1
+9
-36
+9
-30
0
-83
-6
-42
-22
-52
-12
-25
-15
-71
+9
-309
-280
-445
-402
-380
-505
-542
-364
-412
-349
-436
-447
-506
-402
-518
-549
-538
-562
-5845
+60
+13
-15
+84
+14
+60
0
+64
-9
+35
+9
+31
0
+42
+2
+60
0
+20
-30
-3
-22
0
-26
+61
+13
+69
+18
+60
0
+49
+36
+64
+12
+67
+8
+36
0
+17
0
+6
0
0
0
0
0
0
0
0
0
0
0
0
0
-22
+30
+49
-22
+19
-33
+46
-38
+50
-10
+38
-37
+39
-29
+20
-37
+25
-37
0
-59
0
-13
0
-39
-10
-39
+9
+8
+80
+44
+87
+29
+116
+3
+46
0
+24
-18
+18
-9
+25
0
+23
+9
+80
+11
+48
+20
+103
+21
+156
+92
+128
+89
+125
+32
+94
+31
+40
+17
+84
+31
+45
0
+45
+9
+68
+9
+85
+42
+53
+39
+53
+24
+65
+24
+70
+46
+68
+60
+70
+59
+66
+62
+77
+62
+593
+576
+95
+27
+92
+38
+89
+25
+109
+21
+147
+84
+121
+57
+176
+100
+198
+156
+209
+157
+207
+126
+204
+188
+214
+101
+158
+36
+105
+69
+108
+65
+85
+38
+115
+35
+92
+75
+81
+5
+66
-8
+66
+22
+78
+52
+81
+62
+95
+60
+87
+49
+141
+105
+156
+111
+141
+110
+108
+19
+29
-18
+207
+196
+217
+196
+302
+283
+323
+161
+230
+219
+234
+212
+226
+214
+226
+282
+284
+287
+324
+311
+362
+417
+373
+502
+495
+595
+488
+672
+714
+564
+898
+1239
+1071
+1239
+629
+2417
+1592
+2156
+2482
+93
+50
+131
+48
+109
+22
+91
+50
+105
+55
+106
+23
+104
+20
+112
+43
+101
+52
+127
+74
+141
+91
+144
+83
+139
+116
+111
+75
+116
+82
+114
+77
+121
+85
+133
+117
+154
+38
+113
+85
+122
+87
+96
+79
+99
+87
+99
+90
+90
+76
+117
+15
+117
+54
+86
+28
+69
+40
+55
+71
+28
+67
+40
+55
-29
+41
-40
+23
-46
+40
-63
+20
-9
+61
+8
+98
-41
+9
-62
+27
-97
-41
-88
-47
-111
-57
-99
-27
-70
-32
-137
-97
-121
-21
-163
-125
-349
-304
-361
-92
-200
-175
-311
-318
-376
-381
-388
-405
-476
-480
-630
-566
-606
-566
-580
-513
-663
-612
-698
-670
-1275
-586
-625
-611
-9
+38
-15
+50
-25
+25
-22
+39
-44
+71
-23
+52
-30
+17
-50
+42
+3
+50
+6
+32
-21
+74
+33
+109
+47
+89
+25
+55
+57
+103
+75
+74
+48
+84
+34
+107
+57
+58
+55
+178
0
+52
+45
+117
+58
+87
+53
+72
+103
+121
0
+108
+97
+122
+109
+115
+86
+284
+94
+143
+108
+144
+112
+197
+163
+157
+187
+193
+90
+150
+12
+67
0
+83
0
+115
0
+161
+117
+186
+115
+260
+172
+291
+142
+194
+269
+255
+476
+253
+431
+473
+453
+517
+544
+598
+762
+654
+701
+723
+1013
+637
+776
+723
+398
+1877
+5599
+4910
+5599
+5589
+5599
+5599
+5604
+5604
+5599
+5599
+5604
-11
+54
-13
+67
-21
+25
-31
+60
-85
-39
-115
-58
-146
-114
-128
-112
-157
-80
-135
-54
-113
-95
-151
-98
-168
-105
-157
-94
-157
-104
-144
-95
-148
-116
-288
-195
-250
-205
-188
-192
-221
-183
-209
-202
-223
-174
-248
-228
-267
-220
-295
-249
-252
-241
-279
-246
-408
-419
-434
-428
-583
-596
-594
-644
-665
-505
-592
-498
-543
-557
-594
-377
-483
-484
-473
-503
-502
-593
-553
-553
-537
-655
-546
-591
-588
-675
-893
-725
-680
-807
-886
-1295
-959
-1255
-1358
-1582
-1966
-3356
-4910
-7686
#-11
#-11
-13
+69
-4
+54
0
+60
-6
+44
+23
+44
-31
+48
-8
+31
-44
+37
-38
+46
-40
+45
-27
+51
0
+76
+7
+108
+76
+125
+64
+85
+55
+82
+30
+100
+87
+137
+93
+128
+77
+150
+72
+82
-1
+71
+6
+163
+35
+85
0
+208
+133
+221
+173
+508
+364
+387
+366
+773
+767
+821
+829
+953
+757
+912
+869
+925
+926
+1302
+1446
+7176
+1138
+1
+98
+35
+97
+35
+102
-9
+68
-37
+40
-25
+84
+14
+75
+2
+76
+17
+78
+23
+75
+16
+87
+6
+70
+17
+84
+17
+64
+7
+76
+37
+93
+25
+71
+18
+56
-2
+78
-30
+118
0
0
-9
+12
-377
-333
-373
-368
-383
-380
-406
-383
-441
-416
-440
-420
-588
-533
-610
-588
-612
-671
-664
-542
-586
-528
-744
-201
-223
-93
-75
-76
-502
-445
-537
-751
+106
+49
+116
+9
+49
+18
+94
+1
+56
-43
+107
+55
+118
+69
+151
+58
+107
+51
+97
+47
+106
+53
+138
+113
+205
+114
+237
+170
+238
+171
+320
+278
+320
+276
+318
+291
+408
+249
+286
+232
+304
+236
+291
+284
+821
+669
+669
+682
+1078
+1081
+1125
+969
+1274
+1337
+1152
+1185
+1341
+772
+65
-3
+56
0
+61
+4
+51
-11
+43
-4
+40
-13
+37
-12
+63
+14
+61
+9
+66
-9
+98
+9
+41
+7
+49
+12
+78
+48
+91
+58
+91
+26
+70
+20
+53
+9
+61
+19
+81
+45
+44
0
+28
0
+9
+3
+9
+1
+9
0
+19
+9
+42
+1
+63
-26
+52
-12
+45
-4
+31
-9
+27
-20
+112
+72
+150
+32
+107
+63
+108
+72
+149
+75
+120
+118
+160
+57
+134
+71
+125
+80
+200
+196
+218
+193
+303
+235
+270
+216
+274
+149
+294
+98
+134
+116
+162
+139
+129
+112
+220
+83
+146
+94
+82
+97
+67
0
+86
+76
+105
+26
+79
0
+81
+9
+35
+22
0
+9
0
0
+11
-2
+112
+49
+69
+95
-17
+45
0
+47
+34
+68
+28
+65
+46
+104
+60
+55
+69
+102
+50
+100
+66
+76
+52
+114
+52
+129
+46
+105
0
+27
+19
+98
-25
+62
-19
+2
-68
0
-62
-9
-74
-48
-30
+38
-89
-16
-122
-9
-75
-34
-14
0
-67
0
-35
0
-70
+42
-31
0
-36
+118
+9
+139
+101
+135
+62
+150
+96
+102
+111
+86
+34
+50
+9
+9
+9
+9
+9
0
0
0
0
0
0
0
+9
0
-9
0
-9
0
0
0
0
0
+27
+48
+8
+83
0
+59
-2
+58
-4
-12
0
+53
-14
+67
-86
-20
-67
-63
-75
-33
-60
-15
-60
-29
-48
+16
-73
0
-75
-26
-114
-96
-134
-104
-134
-99
-138
-79
-154
-89
-189
-157
-187
-137
-171
-151
-183
-170
-191
-177
-255
-217
-251
-183
-239
-196
-203
-145
-213
-185
-210
-156
-189
-171
-171
-151
-208
-177
-197
-180
-224
-171
-211
-168
-272
-185
-317
-206
-206
-262
-322
-213
-347
-321
-462
-357
-403
-380
-381
-354
-407
-582
-1075
-1033
-1283
-5499
-5489
-5499
-5489
-5499
-5499
-5499
+73
+31
+87
+21
+68
+14
+62
0
+24
-6
+52
-5
+9
0
+36
-82
-31
-58
0
-41
+67
+21
+74
+42
+41
+50
+95
+122
+247
+200
+273
+227
+300
0
0
0
0
0
-20
+90
+20
+96
+37
+106
+39
+102
+37
+109
+23
+92
+12
+82
-2
+20
0
+21
0
+25
-22
+25
-16
+30
-5
+39
0
+45
-7
+8
0
+21
-24
+70
+57
+92
+64
+101
+87
+82
+39
+67
+25
+74
+25
+64
+24
+71
+9
+66
+28
+46
+47
+39
+49
+100
+49
+69
+34
+73
+74
+79
+17
+112
+87
+119
+72
+122
+56
+87
+82
+91
+67
+182
+129
+172
+127
+208
+168
+210
+208
+264
+236
+280
+125
+120
+107
+133
+120
+148
+112
+252
+227
+316
+254
+257
+250
+467
+422
+649
+711
+1844
0
+546
+502
+711
+258
+5504
+9
+34
0
0
0
0
0
0
+89
+16
+133
+87
+130
+90
+127
+78
+331
+330
+330
+335
+343
+325
+336
+315
+357
+315
+338
+342
+419
+418
+423
+326
+407
+419
+427
+393
+519
+457
+517
+474
+499
+465
+473
+445
+477
+439
+463
+415
+411
+331
+337
+336
+347
+296
+404
+324
+352
+151
+267
+256
+403
+404
+589
+442
+680
+749
+739
+787
+765
+1222
+827
+1328
+1013
+1378
+1449
+6186
+2413
+6305
+6214
+6310
+5
+51
-37
+35
-9
+37
-28
+66
-18
+50
0
+53
-16
+50
-8
+31
-10
+41
-4
+40
-18
+41
+11
+54
-1
+50
0
+24
-54
+16
-40
0
-26
+16
-56
-10
-77
+21
-50
0
-47
0
-48
0
-54
-9
-46
+66
+36
+62
+25
+52
+55
+59
+26
+58
+27
+52
+26
+37
0
+33
-39
+1
+66
0
+76
0
+65
+13
+56
+19
+69
+17
+80
-1
+75
+4
+119
+42
+101
-8
+45
-22
+96
-19
+2
-30
0
-68
+6
-191
-160
-188
-139
-211
-170
-167
-150
-204
-134
-217
-162
-296
-179
-304
-212
-253
-163
-231
-187
-225
-192
-234
-200
-243
-191
-247
-145
-256
-259
-291
-259
-294
-225
-228
-200
-257
-227
-276
-220
-255
-278
-309
-257
-263
-270
-342
-252
-336
-237
-316
-265
-352
-294
-359
-320
-377
-324
-402
-372
-337
-334
-388
-321
-478
-309
-433
-472
-554
-540
-484
-400
-474
-475
-503
-502
-513
-534
-568
-599
-594
-540
+80
+1
+58
+1
+51
-18
+14
-51
+58
-47
+76
-63
0
0
+1
0
0
0
0
0
+97
-171
+60
+3
+87
+27
+49
+21
+35
+22
+68
+5
+80
-41
+33
0
+100
0
+201
-63
-3
-65
0
-29
0
0
0
0
0
-49
0
-48
-6
-45
0
-156
-128
-237
-220
-322
-180
-168
-178
-195
-186
-226
-179
-183
-178
-239
-223
-230
-237
-245
-227
-265
-249
-253
-198
-265
-212
-229
-220
-220
-237
-320
-258
-534
-573
-599
-592
-687
-730
-606
-662
-654
-724
-849
-1831
-1140
-5599
+95
-51
-2
-72
-13
-48
-1
-39
0
-71
-37
-93
-93
-105
-91
-119
-32
-79
-31
-94
-58
-103
-85
-93
-98
-91
-89
-101
-84
-112
-99
-101
-93
-113
-86
-121
-114
-113
-115
-143
-116
-133
-127
-145
-140
-152
-137
-146
-139
-141
-144
-138
-135
-146
-128
-140
-128
-148
-143
-148
-137
-165
-148
-150
-147
-152
-150
-153
-143
-151
-50
-97
-50
-174
-154
-179
-162
-178
-183
-175
-171
-171
-176
-183
-178
-173
-168
-176
-182
-175
-172
-164
-155
-154
-158
-167
-112
-144
+94
+33
+84
+25
+76
+3
+101
+10
+87
+24
+90
+25
+44
-29
-18
+73
-31
+24
-21
+54
-36
+37
-37
+19
-13
+33
0
+25
0
+55
-32
+14
-70
-12
-93
-29
-104
-14
-154
-112
-230
-168
-273
-69
-153
-148
-144
-23
-72
-10
-122
-73
-140
-64
-239
-194
-226
-161
-302
-286
-320
0
-245
-68
-352
-276
-325
-254
-361
-513
-722
-649
-712
-686
-707
-681
-19
+72
-5
+57
+4
+37
-4
+63
-11
0
+53
+40
+67
+53
+112
+63
+108
+65
+87
-24
-9
-29
0
-16
+24
-32
0
-83
-71
-115
-102
-127
-42
-74
-34
-81
-57
-94
-48
-98
-118
-76
-87
-117
0
0
0
-24
0
0
0
0
0
0
0
-9
0
0
0
-17
-9
-9
-9
-101
-61
-34
-50
-71
-100
-92
-78
-62
-75
-111
-92
-78
-62
-75
-111
-9
-9
-62
-75
-118
-9
-9
-9
0
0
-9
0
-528
0
-5499
-5494
-5494
-5499
-5499
-5499
-5499
-5499
-9
+60
+19
+57
0
+38
0
+17
-2
+53
-19
+50
-9
+65
+8
+42
+9
+55
+18
+54
+11
+62
+9
+49
+11
+57
0
+51
0
+58
+17
+70
+28
+35
0
+51
0
+25
0
+62
+39
+87
+32
+70
+35
+56
+20
+55
+27
+39
+10
+46
0
+32
+9
+35
0
+74
0
+67
+9
+50
+50
+53
0
+66
+34
+93
+31
+160
+115
+144
+91
+169
+124
+212
+177
+250
+211
+230
+141
+273
+125
+149
+87
+135
+126
+152
+144
+143
+129
+134
-29
-9
-59
-16
+52
+14
+52
-33
+47
+2
+38
-34
+18
-52
+39
-34
+24
-29
+28
-26
+42
-14
+28
-32
+50
+12
+53
+34
+53
+15
+80
-45
0
-9
0
-67
+9
0
+70
-14
+9
-9
+33
0
+65
+9
+37
+12
+57
+22
+57
+19
+63
0
+38
0
+43
0
+80
+39
+69
+32
+68
+36
+55
+38
+82
+24
+52
0
+24
0
+48
-8
+53
0
+32
-41
0
-20
0
-12
0
-38
-5
-25
0
-10
0
-35
0
+23
0
0
0
0
0
+53
0
0
0
0
0
0
0
0
0
0
-45
-17
-62
0
0
0
0
0
0
0
+50
0
-22
+36
-23
+97
+49
+112
+45
+117
+30
+98
-2
+45
+12
+38
0
+98
+36
+101
-64
-18
-28
-24
-53
+54
0
+80
+9
+85
-31
+19
0
+42
0
+74
+10
+24
-87
-81
-87
-59
-107
0
-41
0
0
0
-38
-8
-97
-6
-57
0
-47
0
-25
0
-71
-37
-58
-33
-48
-25
-55
-29
-73
-12
-67
-19
-73
-29
-36
-6
-72
-33
-160
-61
-102
-58
-157
0
-110
-62
-158
-120
-440
-210
-397
-421
-404
+50
-1
+60
-47
+67
-27
+105
+59
+79
+35
+93
+78
+95
+55
+116
+6
+113
+122
+156
+88
+162
+97
+167
+42
+80
0
+93
+44
+152
+26
+82
+19
+83
0
+54
0
+318
+263
+373
-39
0
0
0
-45
+293
+201
+256
+275
+951
+957
+962
+936
+956
+1022
+53
+27
+130
+80
+120
+22
+88
0
+56
+7
+80
-22
+217
+202
+269
+220
+522
+467
+69
-4
+61
+13
+85
+10
+74
+14
+94
+37
+102
-3
+104
+7
+103
+13
+48
+15
+78
+44
+84
+3
+53
+14
+38
+8
+50
+8
+34
0
+49
0
+46
+11
+48
+5
+86
+17
+78
+45
+78
+32
+74
+21
+66
+34
+64
+36
+67
+33
+87
+31
+116
+82
+138
+97
+152
+114
+126
+97
+150
+121
+140
+126
+144
+126
+165
+125
+161
+134
+149
+127
+154
+135
+178
+144
+183
+191
+205
+209
+208
+174
+234
+241
+299
+195
+223
+308
+312
+360
+309
+273
+387
+431
+425
+597
+599
+1113
+665
+1201
+1141
+1230
+1211
+1243
+50
+14
+66
-21
+40
-4
+47
+6
+42
+1
+44
-17
+94
0
+81
0
+66
+30
+62
+47
+81
+37
+77
+25
+71
+26
+113
+54
+156
+118
+140
+129
+225
+216
+306
+299
+357
+315
+354
+287
+348
+316
+342
+290
+321
+279
+312
+291
+374
+309
+462
+314
+376
+379
+423
+284
+534
+326
+462
+359
+475
+356
+372
+379
+454
+343
+494
+335
+434
+420
+404
+365
+433
+416
+439
+320
+383
+325
+414
+373
+982
+1125
+29
+90
+140
+88
+153
+81
+111
+54
+114
+61
+94
+73
+184
-55
-33
-139
-56
-467
-96
-393
-82
-182
-113
-159
-77
-100
-88
-397
-347
-452
-321
-344
-162
-223
-176
-200
-174
-200
-153
-385
-379
-384
-373
-387
-387
-423
-406
+113
+59
+130
+78
+119
+22
+128
+50
+97
+44
+107
+52
+100
+22
+95
+26
+96
+61
+130
+68
+134
+80
+123
+76
+143
+75
+138
+67
+111
+84
+91
0
+125
+92
+122
+78
+131
+84
+124
+84
+134
+92
+137
+122
+156
+133
+211
+163
+223
+176
+218
+174
+221
+114
+164
+125
+143
+86
+124
+79
+130
0
+50
0
+46
0
+47
+2
+44
+11
+43
+15
0
0
0
0
0
-14
0
0
+22
+38
-26
+34
-41
+56
-33
+54
-23
+25
-9
+10
-19
+50
-17
+46
-64
-16
-50
+59
-12
+73
+46
+87
+45
+92
+82
+142
+97
+173
+117
+149
+78
+148
+100
+129
+123
+174
+104
+150
+103
+162
+100
+151
+114
+164
+97
+168
+67
+151
+104
+157
+100
+152
+66
+139
+75
+154
+70
+138
+38
+173
+107
+169
+123
+134
+93
+143
+89
+135
+89
+121
+72
+120
+75
+125
+82
+110
+99
+116
+93
+116
+89
+131
+75
+118
+85
+114
+96
+143
+99
+120
+89
+84
+19
+78
+21
+50
-19
+100
+64
+102
+29
+139
+94
+132
+82
+135
+75
+118
+59
+97
+7
+80
+17
+52
+11
+62
+24
+64
+8
+63
+22
+85
+34
+68
+25
+112
+2
+75
+32
+151
+114
+119
+117
+199
+116
+251
+197
+251
+145
+161
+48
+110
+81
+134
+73
+87
0
+140
+146
+150
+58
+70
+51
+345
+298
+333
+450
+509
+359
+659
+277
+315
+162
+199
#-3
#-2
-32
+59
+7
+63
-10
+104
0
+116
+20
+92
+47
+84
+17
+77
+40
+78
+45
+109
+40
+86
+15
+65
-1
+32
0
+25
-10
+15
0
+37
0
+36
0
+36
0
+43
0
+20
0
0
+93
+26
+91
+33
+127
+86
+99
-7
+89
+75
+146
+84
+171
+74
+101
+62
+142
+74
+220
+189
+273
+233
+266
+215
+297
+211
+247
+225
+309
+255
+333
+256
+397
+292
+383
+279
+394
+264
+325
+247
+350
+323
+605
+571
+602
+535
+646
+604
+689
+562
+606
+639
+637
+223
-6
+44
0
+68
+18
+43
-21
+45
+5
+50
+2
+50
+7
+55
+15
+60
+7
+39
+9
+40
0
+45
0
+48
0
+37
0
+50
0
+34
0
0
0
+51
0
+55
+10
+37
0
+58
0
0
0
0
-37
0
0
0
0
0
0
0
0
0
0
0
0
0
0
0
0
+13
+66
+5
+60
+58
+112
+30
+161
-29
+38
-1
+23
0
+110
+90
+127
+59
+77
0
+20
0
+19
+1
+13
0
+17
0
+22
0
+73
0
+91
+26
+64
-5
+30
-12
+89
+58
+67
+51
+110
+66
+183
+158
+194
+142
+194
+138
+182
+138
+182
+149
+198
+143
+168
+132
+167
+111
+162
+86
+169
+76
+146
+79
+163
+140
+332
+241
+266
+218
+274
+255
+279
+266
+283
+223
+267
+218
+348
+228
+314
+281
+319
+289
+322
+276
+300
+304
+321
+296
+868
+899
+882
+869
+882
+916
+896
+962
+1362
+1133
+1362
+1384
+1710
+2156
+2799
#+11
#+6
#+5
+109
+61
+95
+22
+105
+5
+115
+14
+101
+22
+83
+12
+62
-35
+43
-17
+101
+23
+86
-6
+52
-15
+87
-2
+49
-19
+46
-12
+96
-69
+26
-12
0
-26
+41
0
+104
0
+85
-32
0
-29
+24
0
0
-44
+83
+29
+67
-26
+43
+13
+76
+19
+48
+47
+90
+75
+96
+75
+135
+97
+150
+108
+163
+125
+164
+124
+143
+114
+162
+111
+149
+99
+120
+31
+46
+21
+88
+45
+60
+53
+81
+63
+69
+39
+67
+44
+76
+27
+44
+50
+86
+11
+38
+10
+57
+18
+49
+18
+9
+9
+48
+35
+86
+14
+9
+9
+141
+80
+101
+148
+247
+256
+494
+468
+288
+408
+417
+428
+470
+393
+512
+431
+604
+814
+542
+1006
+47
+13
+56
+7
+60
+15
+63
+26
+67
-17
+79
-36
+5
-42
+56
+12
+81
-28
+56
-39
0
-52
+21
-37
+36
-17
+23
0
0
-52
+20
0
+58
0
+74
0
+37
-10
+39
-1
+37
0
+37
-74
+17
-93
+114
+33
+103
0
+68
+34
+222
+58
+99
0
-4
-132
-93
-137
-93
-125
-30
-118
0
-120
-60
-237
-254
-383
-347
-390
-367
-365
-372
-479
-456
-713
-464
-418
-449
-6
+40
-1
+41
-22
+32
-44
-12
-71
-39
-82
+62
-29
+24
-25
+48
+18
+66
-16
+57
-17
+84
-25
+21
-40
0
-35
0
-58
-2
-48
0
-54
0
-51
+82
+38
+104
+50
+72
+44
+100
0
+54
0
+42
+67
+80
+50
+67
+46
+101
+51
+123
+32
+160
+133
+160
+117
+137
+96
+156
+68
+130
+49
+136
+120
+140
+88
+126
+137
+112
+88
+150
+117
+226
+237
+279
+228
+400
+361
+393
+367
+425
+400
+441
+400
-19
+63
+22
+65
0
+108
+57
+157
+109
+120
+57
+177
+83
+148
+46
+126
+71
+138
+45
+104
+59
+104
+59
+109
+63
+139
+66
+123
+78
+132
+59
+151
+106
+163
+49
+160
+137
+167
+83
+169
+153
+118
+119
+174
+108
+171
+53
+187
+160
+186
+162
+181
+138
+126
+150
+12
+161
+162
+139
+231
+187
+234
+168
+166
+123
+233
+222
+216
+150
+245
+104
+228
0
0
0
0
-432
0
-9
0
-9
0
0
0
-38
0
-60
-44
-165
-142
-182
-178
-192
-154
-189
0
-9
0
-156
-9
0
-81
0
-139
-109
-140
-120
-140
-125
-342
-173
-171
-159
-153
-161
-142
-164
-154
-95
-134
-127
-166
-140
-88
-121
-137
-150
-166
-72
-212
-177
-261
-171
-200
-167
-173
-177
-232
-147
-213
-173
-172
-155
-138
-126
-141
-62
-136
-109
-178
-162
-225
-171
-175
-144
-223
-180
-199
-150
-173
-133
-192
-174
-248
-152
-322
-112
-752
-189
-207
-179
-218
-162
-206
-179
-185
-189
-202
-192
0
-888
-782
-1027
-4908
+8
+78
+22
+81
-17
+52
0
+105
0
+42
-148
-157
-145
-136
-125
-97
-191
-228
-800
-787
-847
-592
+60
-16
+47
-41
+13
-50
+19
-50
+6
-46
+12
-42
-4
-42
+24
-8
+25
-41
-19
-62
-10
-40
0
-33
-16
+59
-1
+89
-3
+48
-45
+9
-53
+50
-29
+14
-35
+53
+35
+72
+2
+62
+25
+84
+4
+61
-31
+37
-4
+36
-2
+31
-21
+3
-33
+39
-28
+77
0
+67
-10
+81
-17
+25
-36
+31
-6
+24
-33
+21
-29
+22
-11
+26
-19
+39
-33
+9
-34
+2
-9
0
-9
+9
-16
0
-16
-9
-17
0
-16
-7
-9
+22
-8
+4
-78
0
-39
-30
-83
-38
-51
-9
-36
-9
-37
-32
-58
0
-210
-143
-215
-129
-190
-163
-233
-222
-292
-354
-330
-402
+4
-7
-46
0
-18
0
-35
+10
-34
-94
-114
-61
-187
-82
-360
-312
-340
-361
-323
-425
-548
-514
-548
-534
-562
-528
-793
-806
-780
-552
-804
-752
-896
-546
-684
-156
-1073
-1061
-1773
-946
-986
-872
#-9
#-7
#-5
#-7
+37
-37
+58
-17
+45
-46
+12
-51
+38
-27
+21
-11
+66
+10
+88
+9
+54
-8
+25
-8
+60
+59
+87
+56
+95
+72
+102
+85
+120
+43
+168
+39
+102
+84
+113
+114
+179
+78
+119
+64
+118
+45
+80
+57
+76
+26
+80
+32
+60
+17
+4
+75
-13
+48
-17
+33
-28
+47
-30
+32
-37
+51
-30
+28
-10
+62
-47
+12
-38
0
-37
+22
-53
+10
-53
+25
-20
+26
-28
+19
-29
+32
-41
0
-56
+15
-38
0
-59
0
-103
-9
-66
+14
-142
-114
-151
-129
-148
-125
-255
-199
-256
-258
-275
-221
-272
-200
-283
-217
-244
-222
-254
-166
-351
-266
-456
-436
+4
+75
+7
+69
+23
+76
+20
+51
+3
+58
-9
+61
0
+72
-30
+22
-24
+34
-41
+29
-34
+39
-29
+49
-17
+62
-117
-28
-25
+10
-88
-48
-132
-63
-101
-26
-112
-113
-105
-70
-183
-90
-206
-27
-64
-18
-216
-126
-244
-194
-407
-72
-166
-80
-208
-222
-270
-136
-296
-332
-301
-300
-344
-276
-290
-293
-335
-279
-295
-111
-201
-115
-515
-730
-518
-404
-479
-172
-468
-220
-275
-224
-214
-238
-299
-316
-341
-328
-341
-300
-348
-379
-350
-431
-387
-412
-541
-412
-557
-454
-415
-377
-418
-350
-332
-397
-392
-393
-387
-486
-442
-530
-454
-649
-540
-741
-616
-6047
-6066
-6086
-6071
-6086
-143
-112
-144
-71
-147
-90
-151
-97
-271
0
-122
-101
-123
-58
-40
+4
-69
+215
+173
+201
+77
+594
+51
+21
+80
+3
+76
+12
+58
+4
+87
+5
+107
+81
+109
+61
+116
+39
+135
+87
+149
+133
+152
+120
+204
+125
+172
+99
+330
+292
+308
+322
+317
+339
+353
+325
+521
+250
+334
+276
+262
+210
+340
+258
+342
+311
+366
+170
+266
+176
+291
+170
+236
+100
+160
+178
+185
+102
+130
+109
+225
+159
+291
+188
+438
+325
+989
+987
#+5
#+4
#+2
#+1
+102
+60
+141
+58
+161
+92
+143
+93
+198
+119
+176
+140
+190
+122
+189
+113
+174
+77
+216
+187
+285
+213
+287
+217
+404
+317
+367
+350
+410
+354
+396
+383
+409
+406
+461
+309
+41
-29
+49
-38
+62
+14
+48
0
+60
0
+105
+39
+114
+36
+72
+37
+84
+55
+101
+36
+109
+87
+115
+75
+113
+83
+144
+71
+106
+68
+118
+80
+282
+150
+365
+111
+125
+99
+138
+69
+121
+84
+262
+177
+256
+248
+272
+212
+253
+258
+304
+219
+348
+269
+333
+296
+306
+278
+365
+367
+513
+516
+557
+515
+1244
+1326
+107
+32
+107
+68
+101
+44
+103
+54
+108
+54
+90
+4
+92
+46
+107
+24
+131
+77
+158
+37
+191
+130
+202
+156
+176
+112
+183
+143
+229
+116
+186
+194
+244
+209
+230
+143
+263
+137
+230
+139
+185
+152
+237
+177
+223
+125
+145
+119
+199
+154
+222
+125
+286
+190
+360
+326
+385
+313
+399
+363
+1787
+303
+1199
+1088
+1724
+1481
+119
+75
+117
+25
+95
+28
+73
+31
+96
+52
+155
+24
+94
+76
+61
+14
+159
+71
+137
+79
+217
+162
+232
+216
+282
+210
+236
+220
+244
-4
+98
-113
0
-63
+20
0
0
0
+392
+396
+344
+350
+2496
+792
+833
+826
+839
+850
+53
-9
+73
+36
+50
+18
+65
+37
+69
+25
+76
+13
+69
+11
+66
+5
+63
-21
+65
+21
+52
-14
+51
+20
+63
0
+37
-6
+54
0
+57
-17
+49
0
+25
+4
+21
0
+42
-9
+42
0
+48
-7
+40
+19
+47
0
+51
0
+13
0
+16
-28
+2
0
+78
+69
+138
+65
+107
0
+28
0
0
0
0
0
+24
0
+29
+25
+45
+3
-5
-48
0
-14
-9
-9
-10
-9
+9
-25
+9
-9
0
-3
+61
+17
+63
+13
+59
-4
+41
-5
+42
-31
+37
0
+34
-15
+11
-26
+69
0
+96
+22
+113
+78
+111
+74
+106
+79
+131
+80
+117
+88
+113
+73
+146
+112
+192
+116
+148
+136
+189
+110
+147
+79
+121
+108
+104
+98
+129
+75
+140
0
+53
+28
+67
+53
+84
+67
+99
+56
+85
-8
+9
0
+162
+86
+95
+115
+88
+69
+95
+83
+144
+139
+160
+112
+141
+143
+123
+68
+61
0
+5
0
0
0
0
0
0
+131
0
+24
+11
+223
+164
+284
0
0
0
0
-28
0
0
+57
-37
+20
-37
+12
-30
+14
-97
+22
-32
+56
+12
+87
0
+91
+23
+96
+31
+120
+88
+137
+82
+143
+90
+202
+149
+253
+211
+265
+220
+256
+177
+264
+169
+229
+181
+230
+199
+315
+269
+311
+268
+260
+306
+307
+258
+330
+241
+331
+296
+309
+316
+396
+302
+494
+439
+476
+425
+498
+442
+544
+472
+755
+530
+602
+557
+625
+618
+657
+679
+736
+83
+80
+21
+55
+34
+55
+41
+25
-20
+24
-7
+47
-10
+30
-29
+25
-4
+57
0
+45
+5
+39
0
+27
0
+31
0
+5
-27
0
-9
+9
0
+9
-37
+56
+5
+92
+29
+74
+17
+76
+37
+65
+8
+40
0
+50
-22
+85
+43
+146
+125
+215
+122
+177
+102
+125
+151
+178
+141
+182
+195
+186
+165
+198
+140
+187
+123
+152
+103
+186
+150
+266
+114
+218
+139
+166
+125
+161
+133
+160
+139
+419
+242
+1687
+7697
#+16
+1918
+74
+14
+80
+14
+108
+48
+102
+72
+111
+57
+121
+40
+82
+25
+80
+28
+76
+13
+78
+4
+89
+27
+91
-44
+54
-26
+31
0
+42
-21
+66
+9
+76
+19
+78
-8
+77
0
+62
+11
+107
+29
+75
0
+105
+42
+81
+19
+118
+56
+135
+76
+146
-89
0
-94
-34
-53
-20
-71
-23
-92
-9
-132
-84
-345
-298
-331
-304
-386
-325
-411
-328
-367
-365
-399
-380
-405
-342
-387
-364
-448
-395
-405
-412
-533
-471
-456
-474
-468
-486
-521
-462
-533
-507
-559
-491
-481
-546
-550
-538
-613
-573
+42
0
+58
-10
+89
+30
+91
+50
+134
+166
+151
+140
+119
+68
+300
+93
+172
+128
+173
+147
+172
+97
+127
+88
+137
+107
+129
+103
+1291
+112
+148
+91
+146
+95
+138
+97
+152
+149
+173
+147
+196
+141
+174
+160
+192
+142
+178
+159
+249
+166
+181
+155
+165
+156
+171
+138
+208
+193
+214
+219
+218
+191
+217
+190
+220
+197
+223
+212
+236
+220
+240
+214
+217
+234
+230
+239
+230
+284
+325
+274
+356
+302
+321
+355
+351
+350
+393
+321
+116
+82
+100
+75
+112
+46
+125
+16
+95
-14
+124
+77
+143
+90
+163
+123
+152
+113
+158
+111
+159
+95
+189
+158
+193
+151
+183
+145
+183
+165
+197
+166
+208
+179
+213
+178
+337
+311
+331
+303
+350
+328
+382
+317
+387
+373
+410
+397
+423
+348
+431
+419
+411
+404
+461
+445
+660
+619
0
+75
0
+8
0
+126
+54
+93
+50
+101
+28
+67
+15
+100
+5
+108
0
+66
0
+93
-119
-101
-102
-57
-95
-40
-93
-82
-203
-37
-208
-250
-237
-215
-260
-243
-275
-264
-291
-254
-202
-115
-119
-40
-194
-189
-222
-169
-187
-128
-308
-326
-349
-293
-337
-337
-380
-371
-394
-381
-621
-364
-363
-372
-417
-411
-435
-423
-462
-426
-619
-386
-444
-474
-484
-370
-416
-380
-382
-422
-408
-424
-440
-391
-425
-418
-421
-435
-450
-404
-521
-519
-552
-599
+80
-23
+49
0
+49
-24
+85
+29
+89
0
+81
+37
+94
0
+86
+20
+134
+89
+135
+97
+165
+109
+137
0
+88
0
+46
0
+49
+9
+80
+20
+125
+64
+103
+69
+105
+73
+268
+174
+268
+229
+263
+213
+321
+210
+439
+191
+154
+125
+237
+197
+269
0
+303
+242
+300
+262
+262
+244
+365
+174
+556
+576
+996
+506
+506
+483
+534
+508
+53
0
+73
+16
+76
+35
+75
0
+128
+18
+65
+24
+70
+60
+82
+34
+89
+30
+99
+64
+101
+92
+122
+50
+87
+52
+94
+78
+102
+41
+134
+123
+156
+118
+150
+129
+189
+64
+95
+66
+22
+75
+20
+71
0
+33
+16
+38
-10
+9
-33
0
-20
+21
-21
+63
-2
+62
0
+49
+20
+70
-46
-9
-32
+47
-32
+14
0
+40
+11
+49
+9
+40
+7
+52
0
+9
+9
+66
+6
+47
0
+50
-28
0
-35
0
-9
0
-22
0
0
+20
0
+22
0
+22
0
+17
0
+43
0
+49
+9
+70
+23
+36
+9
+62
+23
+65
0
+39
+12
+73
+1
+9
0
+102
+15
+299
+264
+314
+316
+325
+305
+372
+272
+340
+486
+445
+483
+502
+458
+392
+479
+412
+610
+566
+6095
+6062
+6481
+6110
+6114
-52
+30
-25
+44
+21
-9
+21
-84
-41
-51
0
-77
0
-55
0
-157
-90
-150
-109
-108
-70
-202
-162
-228
-132
-175
-134
-153
-151
-246
0
-25
+16
-29
-9
-40
+39
-24
0
-44
-15
-30
0
-49
+27
-77
-33
-101
0
-29
0
-34
0
0
0
-35
0
-45
0
-9
0
-11
0
-21
0
0
0
0
+88
0
0
0
0
0
0
0
0
0
0
0
+9
0
+134
+101
+102
0
+100
+91
+405
+262
+430
+445
+446
+454
+473
+453
+759
+732
+669
+439
+416
+530
+667
+1152
+1960
+5509
+5499
+6705
#+15
#+13
#+4
#+3
-27
+33
-18
+79
-50
-8
-28
+17
-53
-18
-87
-23
-68
-28
-56
0
-87
-23
-74
-9
-83
-26
-101
-9
-146
-9
-150
-140
-164
-125
-186
-147
-222
-226
-245
-198
-207
-197
-534
-355
-931
-855
-918
-905
+157
+79
+129
+54
+92
+46
+95
+48
+112
+13
+68
+6
+71
0
+49
-4
+63
0
+53
-18
+26
-2
+45
-27
+33
-26
+46
-20
+52
+34
+66
+39
+64
+29
+75
+38
+62
+29
+74
+58
+98
+55
+198
+173
+191
+188
+306
+327
+767
+772
+762
+790
+788
+836
+842
+811
+856
+857
+912
+916
+900
+965
-20
+46
-7
+13
-15
-2
-101
-22
-71
+13
+9
+23
-12
+18
+19
+56
+28
+63
+12
+54
+18
+52
+32
+85
+41
+43
+83
+38
+82
+35
+77
+40
+87
-4
+60
+35
+81
+13
+17
-64
0
-74
0
-31
0
-36
+63
+17
+94
+9
+143
-8
+71
-14
+39
0
+287
+235
+426
+375
+841
+349
+354
+103
+27
+106
+51
+111
+48
+87
+43
+77
+52
+75
+20
+76
+27
+80
+9
+88
+59
+150
+92
+191
+70
+187
+151
+184
+151
+219
+160
+201
+160
+199
+181
+199
+181
+207
+154
+198
+147
+206
+165
+204
+140
+166
+153
+196
+179
+196
+153
+145
+125
+139
+112
+193
+159
+177
+60
+75
+33
+49
+34
+46
0
+110
+35
+139
+98
+150
+80
+279
+314
+259
+291
+412
+437
+438
+475
+459
+418
+582
+494
+541
+508
+436
+722
+721
+721
+703
+723
+732
+750
+760
+789
+880
+810
-36
+140
+60
+137
-163
-147
-224
-196
-191
-157
-290
-244
-309
-285
-499
-82
-619
-605
-635
-613
-605
-617
-644
-652
-670
-679
-671
-703
-955
-936
-986
-875
-907
-725
-724
-652
-2029
-6381
+88
+74
+131
+106
+134
+113
+137
+87
+126
+60
+113
+49
+139
+64
+139
+61
+105
+53
+103
+13
+53
+6
+41
0
+64
+25
+54
+21
+102
+21
+47
+12
+49
+29
+35
0
+51
0
+9
-13
+32
0
+55
+50
+66
+18
+71
0
0
0
+9
0
+46
0
+45
+32
+75
+28
+56
0
+112
+72
+107
+70
+95
+108
+117
+118
+100
+94
+129
+94
+109
+106
+131
+115
+105
+108
+113
+103
+165
+130
+181
+137
+151
+139
+162
+106
+154
+123
+130
+121
+150
+123
+193
+153
+186
+124
+143
+124
+228
+169
+185
+154
+201
+163
+203
+135
+174
+132
+196
+171
+229
+209
+296
+277
+310
+296
+333
+330
+397
+405
+436
+413
+490
+481
+610
+574
+779
+736
#+10
+2651
#+2
#+1
+123
+70
+119
+56
+104
+37
+94
+19
+78
+35
+79
0
+53
+7
+60
-6
+50
-9
+36
-7
+11
-16
+32
-75
-47
-121
-48
-232
-152
-240
-190
-257
-211
-283
-245
-282
-224
-248
-95
-120
0
0
0
0
0
0
0
0
0
0
0
0
0
-518
-461
-700
-627
-670
-650
-732
-720
-739
-684
-771
-758
+112
+23
+88
+52
+101
+50
+164
+71
+108
+23
+93
+6
+66
+1
+49
+22
+90
+35
+76
+18
+64
+44
+68
+26
+83
0
+9
-19
-9
-30
+96
+60
+95
+79
+148
+101
+145
+98
+137
+116
+172
+161
+200
+162
+299
+264
+303
+277
+302
+274
+307
+273
+307
+296
+391
+308
+464
+436
+486
+514
+485
+503
+40
0
+67
-12
+63
-7
+53
-9
0
+107
+40
+101
+35
+87
0
0
-17
0
-35
0
0
+66
0
+61
0
+53
+35
+64
+34
+42
+35
+50
+21
+123
+88
+125
-51
-11
-38
+129
0
+141
+67
+100
+88
+97
+85
+115
+86
+124
+110
+149
+116
+169
+134
+162
+94
+128
+86
+109
+88
+99
+113
+112
+106
+103
+94
+131
+87
+213
+168
+215
+159
+228
+195
+236
+234
+349
+407
+371
+364
+445
+440
+471
+645
+582
+656
+657
+647
+659
+586
+656
+716
+710
+714
+692
+943
+726
+717
+987
+1679
+100
+31
+108
+35
+87
+14
+105
-4
+67
-31
+70
-68
0
-78
-10
-83
-33
-42
+41
+6
+100
+75
+103
+83
+118
+68
+155
+61
+135
+135
+162
+125
+249
+237
+296
+96
+292
+239
+360
+324
+368
+333
+379
+348
+604
+638
+639
+638
+56
-6
+45
-13
+50
-12
+53
-23
+37
-5
+59
-28
+37
-16
+38
-37
+47
-30
+46
-24
+34
-19
+16
-51
+22
-69
-9
-118
-60
-105
+3
-71
+64
0
+123
+87
+68
+6
+147
0
+171
+117
+166
+172
+218
+225
+357
+320
+351
+324
+390
+127
+367
-168
-172
-195
-160
-195
-169
-182
-181
-180
-168
-190
-172
-237
-185
-330
-321
-338
-282
-314
-304
-338
-286
-347
-280
-340
-300
-377
-325
-355
-397
-442
-371
-326
-344
-355
-384
-397
-376
-391
-362
-429
-381
-454
-572
-551
-653
-576
-636
-669
-1315
-738
-954
+47
0
+44
-28
+32
-49
+35
-26
+98
-14
+75
+13
+79
+12
+75
+12
+81
+30
+64
+9
+65
+5
+62
+10
+64
0
+57
0
+51
+19
+58
+34
+56
+16
+59
+34
+69
+30
+64
+27
+53
0
+37
+9
+56
+17
+68
+21
+76
+14
+84
+9
+83
+87
+121
+62
+101
+67
+106
+48
+97
+84
+119
+106
+106
+110
+153
+145
+173
+125
+170
+133
+219
+185
+246
+225
+250
+181
+246
+213
+233
+212
+197
+200
+220
+220
+321
+312
+322
+334
+366
+354
+369
+353
+372
+373
+377
+370
+390
+382
+429
+393
+443
+453
+458
+452
+479
+492
+714
+744
+776
+1172
+1019
-10
+42
-43
+37
-21
+77
+5
+93
+20
+83
+17
+71
+16
+76
+12
+54
-19
+25
0
+111
+7
+84
-2
+8
0
+21
0
+14
-9
+28
0
+35
0
+52
+9
+50
+4
+32
0
+47
+11
+44
0
+32
0
+32
0
+25
-25
+28
0
+26
0
+16
+131
+38
+172
+90
+155
+65
+112
+65
+132
+10
+63
+47
+85
+37
+99
+15
+73
0
+10
0
+19
-189
-166
-193
-129
-208
-137
-197
-145
-184
-150
-213
-175
-196
-143
-278
-240
-297
-125
-269
-155
-175
-162
-161
+299
+350
+488
+513
+717
+723
+882
+907
+1215
+1065
+1843
+1330
+1378
+1097
+1141
+1283
-24
+76
+23
+72
-10
+46
-2
+46
-4
+77
+30
+71
+41
+104
+37
+109
-33
+42
-21
+79
-17
+36
-29
+17
-46
+15
-19
+37
0
+136
+82
+160
+74
+137
+7
+207
+158
+186
+9
+91
+8
+82
0
+114
0
+69
+19
+47
+6
+103
+67
+109
+8
+55
+9
+73
+16
+68
+12
+125
+108
+212
+252
+222
+219
+275
+250
+318
+269
+316
+267
+681
+791
+919
+1028
+949
+917
+955
+1300
+27
+87
+36
+146
+18
+112
+74
+102
+75
+116
+87
+96
+90
+107
+92
+134
+104
+141
+105
+128
+30
+73
0
+62
+3
+48
+15
+69
+38
+58
+12
+69
+34
+70
+51
+57
+22
+58
+9
+45
0
+50
0
+40
0
+35
-18
+25
-19
0
-16
+3
+9
+9
0
0
-9
0
+10
+6
0
+55
+9
+35
+12
+80
+46
+88
+62
+88
+44
+96
+67
+82
+87
+95
+84
+108
+78
+87
+115
+48
+96
+92
+131
+112
+101
+181
+109
+140
+149
+240
+266
+365
+390
+421
+429
+978
+1846
+1120
+5499
+674
+1267
+759
+5499
+5504
+5499
+1345
+5499
+6095
+7879
+7887
+7292
+6791
#+19
#+16
#+14
#+15
#+13
#+17
#+12
#+12
#+12
#+11
#+9
#+10
-31
+37
-50
+15
-37
+20
-35
+41
-32
+22
-73
-19
-55
-2
-51
+18
-77
+34
-145
-108
-139
-98
-133
-112
-258
-265
-263
-185
-467
-424
-746
-363
-310
-310
-488
-491
-504
-335
-597
-548
-861
-828
-943
-1007
-1601
-1096
-1256
-1828
-1599
-6352
-8
+48
-8
+31
-35
+29
-59
+28
-51
0
-70
+12
-46
+20
-31
+11
-23
+25
-53
+70
+12
+66
+42
+75
0
+115
+19
+93
+56
+117
+68
+118
-100
+127
+55
+190
+74
+195
+155
+346
+126
+295
+231
+331
+200
+262
+181
+270
+206
+265
+281
+273
+112
+203
+57
+200
+52
+275
+158
+259
+120
+197
+163
+187
+172
+752
+792
+778
+114
+133
0
+59
0
+434
+363
+581
+532
+651
+657
+506
+575
+617
+414
+733
+587
+581
+490
+572
-544
-503
-752
-600
-784
-753
-780
-762
-772
-926
-770
-1230
-909
-797
-933
-1060
-1191
-1274
-1140
-1057
-1230
-6114
+47
+88
+12
+101
+87
+107
+93
+117
+15
+52
0
+28
+16
+21
+15
0
+21
+38
0
+9
-16
0
-15
0
-24
+25
0
+31
0
+53
+107
-6
+85
+84
+47
+71
+8
+40
0
+27
0
+27
+9
+53
0
+81
+58
+110
0
0
-63
-18
-118
-68
-103
-85
-130
-75
-54
-80
-137
-105
-183
-22
-96
-48
-118
-85
-112
0
0
0
0
+24
-33
-59
-62
0
-9
+27
-30
0
0
-44
-9
-75
+76
-47
0
-89
+75
+15
+78
+109
+98
+111
+248
+169
+231
+249
+242
+240
+252
+241
+241
+257
+269
+252
+275
+234
+306
+288
+329
+320
+345
+342
+370
+344
+327
+362
+375
+337
+368
+367
+399
+380
+465
+369
+436
+445
+530
+537
+88
+18
+61
-2
+38
-9
+39
-10
+26
-21
+32
-14
+27
-18
+54
-9
+23
-13
+25
-58
+45
-7
+37
-10
+76
+10
+72
+23
+70
+31
+122
+81
+165
+135
+236
+152
+176
+122
+149
+76
+160
+130
+154
+137
+180
+154
+170
+166
+231
+165
+288
+239
+253
+249
+275
+258
+387
+357
+379
+342
+362
+338
+354
+378
+395
+378
+347
+363
+444
+402
+444
+332
+420
+506
+417
+385
+414
+418
+506
+447
+543
+534
+569
+606
+656
+715
+62
-16
+53
-21
+40
-14
0
0
0
+14
0
0
0
0
0
0
0
0
0
0
+75
+46
+98
+66
+95
+77
+135
+89
+127
+86
+116
+38
+127
+40
+64
+43
+75
-32
+10
0
+32
0
+31
-26
0
-39
-18
-74
-53
-118
-113
-127
-126
-240
-112
-139
-97
-101
-101
-167
-127
-211
-213
-210
-191
-231
-162
-244
-237
-331
-190
-222
-181
-324
-364
-269
-270
-287
-284
-273
-424
-318
-365
-425
-428
-464
-425
-451
-550
-724
-848
-727
+113
+17
+76
+19
+91
+43
+118
+54
+87
+6
+114
+31
+123
+23
+82
+25
+97
+15
+78
+29
+81
+9
+36
+9
+38
+10
+80
+81
+105
+30
+150
+71
+99
+83
+95
+48
+116
+79
+152
+87
+144
+109
+161
+133
+208
+151
+226
+193
+247
+208
+247
+210
+246
+212
+252
+197
+251
+217
+253
+184
+229
+199
+237
+203
+230
+207
+266
+215
+275
+231
+277
+261
+296
+271
+303
+294
+329
+287
+378
+309
+443
+546
+724
+188
+410
+384
+462
+519
+525
+350
+320
+323
+354
+319
+368
+358
+339
+335
+382
+392
+413
+394
+93
-6
+42
0
0
-17
+8
-36
+37
-30
0
-32
0
-64
-8
-43
0
-37
-15
-27
-21
-80
-16
-54
0
-60
+15
-9
+17
-2
0
-37
0
-26
+1
-9
0
0
+81
-46
-9
-50
0
-49
-12
-59
0
-69
-32
-42
-17
+99
0
+56
0
+70
+12
+50
-14
+59
-14
+23
0
+23
0
+43
-48
+18
-32
0
-52
0
-50
+48
+20
+48
+18
+65
-38
+30
-38
+37
-41
0
-6
+36
-31
0
-9
+40
0
+88
+55
+75
+25
+79
+22
+50
+22
+49
+26
+69
+9
+53
+12
+54
0
+21
0
+19
0
+26
0
+58
+14
+63
+39
+80
+65
+100
+69
+105
0
+79
+25
+76
+44
+100
+66
+84
+81
+107
+68
+123
+89
+135
+109
+146
+106
+166
+95
+126
+116
+173
+149
+197
+88
+146
+100
+130
+80
+132
+62
+143
+152
+181
+112
+273
+132
+183
+106
+168
+132
+154
+96
+110
+91
+153
+122
+162
+69
+83
+62
+108
+55
+66
0
0
-9
+1
+67
-6
+62
0
+87
+21
+62
+28
+113
+56
+121
-9
+102
0
+62
+12
+52
+19
+67
0
+63
0
+47
0
+32
0
+33
+12
+80
-12
+33
+9
+66
+9
+71
+13
+19
-19
+9
0
+23
0
+33
0
+39
-25
+40
-13
0
-48
+9
0
+9
0
0
-27
0
-35
0
-8
+11
-68
+9
0
+10
0
0
0
+19
0
+46
0
+64
+35
+106
+37
+95
+45
+114
+38
+96
+42
+146
+75
+116
+83
+77
+50
+128
+130
+166
+108
+118
+69
+136
+68
+109
+99
+126
+91
+81
+51
+66
+87
+62
-9
0
-5
+65
-1
+41
0
+92
+29
+60
+28
+75
+6
+62
0
+98
+48
+108
+51
+101
+51
+132
+95
+123
+87
+162
+91
+161
+139
+184
+132
+167
+129
+176
+132
+175
+109
+172
+40
+107
+83
+106
+52
+95
+63
+99
+62
+82
+50
+91
+71
+106
+92
+121
+81
+101
+72
+118
+73
+93
+66
+92
+67
+127
+58
+146
+95
+119
+93
+103
+9
+196
+114
+181
+147
+208
+238
+275
+225
+267
+19
+184
+25
+13
+26
+10
+22
+14
+9
+141
+83
+136
+70
+107
+105
+77
+145
+121
+79
+111
+66
+112
+79
+92
+51
+89
+75
+102
+36
+96
+81
+61
+51
+53
+61
+91
+84
+87
+83
+94
+91
+87
+62
+94
+103
+91
+9
+85
+9
+9
+9
+9
+9
+9
+9
+91
+76
+100
+80
+95
+16
+45
-14
+13
-57
+32
-65
-17
-112
-32
-75
-14
-50
0
-12
+3
-100
-42
-113
0
-74
-25
-70
+62
-9
+10
-112
-20
-58
+10
-17
+31
-12
+21
-60
+46
+58
+197
+84
+259
+213
+235
+169
+220
+109
+171
+149
+205
+150
+257
+202
+225
+253
+273
+229
+441
+93
+187
+107
+117
+62
+111
+134
+236
+100
+221
+125
+243
+178
+257
+178
+211
+200
+265
+191
+239
+148
+181
+145
+232
+96
+164
+54
+55
0
+128
+52
+121
+52
+200
+106
+232
0
0
0
0
+54
-28
+45
-25
+88
-5
+53
-46
+65
-41
+66
-32
+19
-146
+16
-180
-138
-300
-146
-324
-350
-392
-36
-144
-97
-119
0
-142
-72
-171
-100
-135
-100
-164
-95
-142
-84
-175
-141
-156
-156
-193
-32
+18
-33
+20
-21
+98
-32
+46
-27
+23
-22
+39
-39
+6
-55
+52
-69
+9
-121
+11
-48
-31
-104
+37
-18
+22
-45
-13
-68
+49
+18
+49
-12
+25
-23
+25
-34
+37
+9
+48
+20
+105
+66
+99
+42
+75
+47
+99
+44
+125
+5
+82
+25
+12
+38
+81
0
+46
-99
0
-20
+25
-72
+61
0
+76
+51
-26
+53
-76
-15
-80
-80
-79
-67
-150
-89
-55
-88
-111
-68
-160
0
-166
-112
-164
-91
-202
-174
-361
-144
-265
-192
-314
-342
-414
-394
-489
-517
-562
-553
-938
-926
-1680
#-17
-1439
-1993
#-9
#-8
#-8
#-7
#-7
#-6
#-3
#-4
#-4
#-7
-50
+49
-7
+50
-18
+47
-27
+43
-34
+18
-28
+45
-10
+40
-39
+66
+26
+94
-7
+119
+41
+87
-8
+114
+3
+29
0
+53
-8
+75
-12
+144
+94
+128
-15
+41
-32
-9
-49
-20
-50
-2
-48
0
-45
0
-91
-47
-103
-37
-72
0
-31
+21
-15
0
-35
-1
-514
-485
-550
-565
-530
-550
-645
-646
-786
-727
-777
-408
-449
-373
-407
-373
-393
-401
-408
-406
-455
-422
-455
+21
+9
+9
0
0
0
+9
0
+26
+6
+9
0
+37
0
0
-9
+9
0
+9
-9
0
-9
0
-9
0
-44
-9
-23
-9
-9
-9
-9
-5
-9
+9
-9
0
-72
-55
-71
-17
-62
-38
-76
-19
-91
-73
-111
-88
-198
-150
-190
-194
-208
-202
-226
-200
-298
-229
-348
-375
-323
-350
-405
-400
-501
-378
-591
-741
-1064
-2708
-5485
-6105
-1637
#-42
+2
+25
+67
+21
+83
+15
+62
0
+53
+38
+85
+74
+87
+33
+57
+61
+54
+24
+88
+2
+71
0
+49
-1
+61
-28
+55
0
+34
0
+74
+20
+101
-57
+68
0
+79
+36
+96
+46
+65
0
+44
+27
+78
0
+32
0
0
0
+104
0
+9
0
+125
+74
+128
+10
+52
0
0
0
+37
-45
+95
+9
+54
+26
+47
0
+14
0
+5
+98
-14
+63
-67
+57
0
+54
0
+50
+23
+91
-18
+23
-38
+10
-32
0
-153
-83
-121
-69
-148
-106
-214
-49
-82
-51
-600
-562
-607
-620
-670
-647
-786
-787
+25
+95
+47
+102
+49
+117
+40
+70
+25
+78
+32
+45
+13
+60
-11
+23
-48
+25
-33
0
-32
+7
-56
0
-47
+23
-83
-28
-60
0
-60
+3
-17
+48
-39
+50
-75
0
0
+43
-48
0
-34
0
-48
0
0
0
0
0
0
0
0
+62
0
+50
+38
+85
-70
+5
-52
0
-73
+39
0
+44
0
+84
0
+53
0
-31
+26
-35
+32
-62
+36
-52
+11
-55
+29
-47
+30
-50
+7
-67
+8
-87
-17
-92
-14
-79
+1
-84
+37
-176
-44
-161
-39
-160
-78
-148
+9
-34
0
-106
-52
-209
-128
-175
-160
-177
-203
-193
-177
-213
-206
-521
-524
-536
-543
-545
-523
-568
-612
-611
-604
-47
-275
+76
+76
+112
+97
+114
+108
+96
+81
+81
+81
+84
+95
+107
+87
+75
+94
+255
+207
+236
+203
+258
+164
+276
+176
+272
+259
+302
+308
+388
+801
+829
+76
+80
+132
+114
+279
+106
+404
+337
+417
+348
+492
+422
+597
+576
+629
+562
+93
+122
+78
+134
+130
+78
+122
+82
+108
+87
+98
+109
+123
+94
+143
+126
+140
-82
-176
+136
+104
+127
+88
+152
+90
+150
+100
+137
+104
+139
+87
+200
+181
+267
+188
+249
+210
+311
+213
+302
+243
+279
+250
+311
+264
+393
+392
+562
+533
+557
+537
+642
+619
+635
+668
+666
+512
+549
+537
+544
+546
+554
+574
+593
+659
+673
+732
+788
+778
+76
+125
+103
+115
+127
+390
+405
+390
+280
+480
+447
+545
+463
+508
+501
+519
+248
+289
+467
+483
+470
+122
+138
+113
+109
+136
+114
+143
+120
+157
+106
+133
+117
+123
+83
+207
+175
+226
+159
+194
+164
+213
+180
+276
+216
+296
+282
+349
+341
+413
+402
+427
+368
+418
+387
+581
+416
+487
+113
+147
+106
+145
+75
+89
+494
+490
+461
+474
+600
+581
+857
+711
+706
+849
+878
+872
+888
+826
+1135
+1511
+984
+5616
+1211
+840
+5682
+5682
#+41
#+28
+6110
#+20
+91
+89
-79
-83
-88
-107
-94
-75
+98
+99
+85
+84
+80
+104
+124
+89
+105
+118
+120
+159
+85
-210
-182
-172
-171
-143
-178
-275
-91
-94
+146
+120
+341
+165
+354
+327
+414
+284
+402
+388
+408
+311
-93
-98
-78
-135
-209
-109
-245
-215
-212
+99
+97
+389
+325
+469
+445
+451
+423
+595
+589
+910
+1075
+996
+1102
+964
+1098
+1150
+818
+834
+839
+835
+846
+79
+95
+93
+103
+98
+121
+113
+148
-102
-93
-97
-251
-120
-164
-102
-146
-165
-78
-109
-118
-88
-116
-77
-96
-190
+95
+85
+108
+124
+180
+230
+101
+150
+141
+198
+103
+86
+86
-125
-76
-125
-84
-116
-90
-169
-138
-166
-135
-165
-144
-180
-153
-592
-580
+124
+95
+102
+86
+88
+103
+95
+82
+81
+83
+80
-191
-262
-280
-177
-200
-241
-298
-167
-257
-149
-210
-191
-208
-180
-177
-166
-192
-174
-192
-146
-193
-157
-196
-207
-175
-208
-155
-237
-147
-260
-159
-530
-533
-576
-581
+110
+97
+92
-109
-720
-719
-748
-737
-2155
#-13
#-10
#-9
+167
+138
+255
+209
+299
+248
+299
+275
+335
+292
+468
+421
+548
+488
+539
+409
+802
+758
+1056
+1071
+133
+101
+140
+86
+155
+112
+143
+101
+188
+136
+227
+173
+221
+191
+231
+187
+235
+148
+287
+239
+327
+311
+365
+334
+361
+336
+369
+335
+585
+458
+619
+499
+848
+847
+109
+79
-77
-83
+84
-85
-90
-134
-83
-111
+114
+125
+112
+92
+122
+147
+93
+142
+95
+120
+75
+163
+144
+144
+98
+128
+113
+139
+91
+149
+113
+153
+122
+149
+142
+164
+143
+168
+123
+154
+125
+172
+121
+152
+153
+171
+172
+176
+168
+205
+149
+323
+293
+83
+78
+84
+221
+244
+281
+108
+78
+100
+79
+90
+108
+240
+175
+371
+126
+325
+321
+359
+349
+373
+357
+1069
+806
+840
+747
+772
+609
+810
+826
+810
-544
+1830
-1548
#+4
+148
-90
-117
-89
-80
-82
-122
-131
-93
-161
-112
-193
-109
-196
+105
+95
+90
+107
+84
+108
+161
+126
+165
+77
+91
+77
+88
+153
+128
+165
+100
+259
+300
+396
+430
+501
+234
+163
+127
+255
+235
+309
+326
+357
+345
+96
+250
+176
+240
+92
+308
+96
+90
+94
+672
+487
+576
+706
+555
+1282
+5489
+5499
+75
+84
+88
+145
+114
+152
+89
+125
+101
+143
+128
+170
+194
+179
+207
+256
+239
+272
+247
+279
+217
+262
+273
+395
+375
+492
+530
+540
+493
+562
+501
+683
+688
+713
+761
-78
-104
+104
+108
+120
-362
-294
-572
-451
-762
-142
-169
-140
-352
-297
-336
-277
-417
-379
-449
-395
-333
-314
-362
-341
-360
-336
-365
-317
-364
-330
-395
-343
-327
-316
-347
-309
-417
-378
-531
-475
-568
-409
-577
-475
-548
-437
-620
-368
-398
-356
-402
-355
-647
-503
-596
-592
-685
-599
-608
-662
-803
-941
-832
-1041
-6781
-1697
-951
-788
-787
-823
#-12
-1061
+75
+115
+105
+125
+100
+172
+103
+174
+87
+235
+131
+205
+168
+181
+174
+196
+129
+417
+482
+540
+597
+551
+557
+103
+100
+92
+106
+171
+99
+117
+127
+77
+239
+112
+120
+107
+134
+104
+145
+163
+144
+308
+277
+318
+316
+732
+732
+841
+751
+858
+923
+879
+850
+864
+874
+2414
#+13
+78
+102
+81
+123
+118
+113
+136
+75
+79
+86
+98
+109
+123
+97
+80
+105
+137
+103
+116
+100
+157
+138
+172
+135
+203
+131
+197
+197
+192
+207
+212
+162
+199
+181
+208
+182
+170
+286
+617
+415
-76
+91
+83
+286
+231
+253
-104
-122
-113
-112
-154
-125
-156
-118
-153
-124
-130
-178
-141
-200
-164
-196
-140
-275
-286
-495
-474
-485
-461
-487
-450
-519
-484
-495
-593
-1127
-601
-1065
-634
-649
-357
-473
-336
-388
-412
-450
-439
-469
-491
-512
-419
-526
-487
-570
-528
-515
-536
-506
-639
-580
-689
-682
-698
-576
-571
-862
-1028
-872
-948
-972
-1166
-1150
-1256
-1039
-1308
-1370
-6186
+77
+83
+90
+78
+85
+92
+75
+101
+83
+82
+152
+84
-86
-94
-122
-82
-97
-101
-84
-75
+110
+82
+91
+99
+79
+103
+95
+94
+95
-88
-84
-117
-77
-116
-96
+80
+159
+149
+173
+163
+187
+122
+76
+127
+122
+89
+141
+78
+114
-87
-92
-78
-83
-108
-113
-81
-100
+121
+125
+132
+110
+562
-193
-187
-209
-162
-238
-179
-237
-149
-239
-217
-253
-162
-204
-226
-300
-268
-391
-337
-475
-502
-517
-457
-759
-790
+84
+96
+87
+95
+82
+87
+126
+122
+192
+111
+122
+126
+155
+123
+164
+128
+133
+135
+168
+141
+157
+143
+157
+155
+183
+141
+169
+125
+148
+113
+226
+191
+200
+159
+187
+143
+195
+178
+122
+174
+134
+190
+142
+153
+140
+121
+128
+157
+143
+227
+176
+206
+136
+227
+197
+265
+266
+290
+239
+262
+249
+269
+236
+262
+250
+267
+296
+335
+259
+302
+296
+328
+234
+393
+296
+380
+337
+359
+382
+498
+372
+884
+900
+926
+2576
+86
+92
+84
+126
+133
+109
+114
+110
+105
+103
+86
+105
+83
+120
+93
+88
+80
+89
-187
-120
-160
-159
-341
-309
-355
-325
-477
-448
-482
-365
-396
-375
-432
-389
-380
-316
-434
-425
-473
-528
-657
-606
-900
-845
-902
-869
-897
-878
-922
-880
-880
-881
-1624
-6046
-1630
-1705
-6545
#-32
-6981
#-11
+120
+86
+91
+156
+134
+139
+138
+161
+201
+134
+94
+77
+92
+97
+92
+89
+129
+111
+79
+113
+397
+423
+536
+489
+973
+80
+115
+94
+106
+115
+77
+90
+111
+384
+351
+398
+361
+392
+379
+394
+373
+407
+363
+404
+360
+395
+374
+555
+550
+590
+529
+593
+567
+787
+731
-75
-83
-116
-91
-86
-88
+250
+218
+252
+170
+249
+240
+263
+210
+234
+226
+267
+258
+245
+235
+274
+255
+288
+261
+284
+264
+299
+274
+291
+249
+276
+236
+246
+224
+259
+277
+236
+246
+254
+259
+277
+291
+311
+279
+323
+278
+262
+286
+283
+291
+289
+281
+279
+274
+261
+269
+289
+288
+243
+236
+322
+249
+233
+243
+236
+252
+246
+233
+243
+236
+249
+233
+245
+236
+254
+249
+233
+243
+236
+254
+249
+231
+243
+236
+254
+249
+266
+245
+236
+250
+249
+266
+258
+212
+221
+222
+249
+260
+244
+265
+248
+271
+260
+244
+251
+248
+81
+86
+91
+86
+81
+81
+5489
+5485
+76
+5431
+5499
+5489
+5489
+5489
+5489
+5504
+5499
+5494
+5499
+5499
+5504
+5509
+5499
+5509
+5499
+5504
-117
-161
-90
-110
-99
-114
-80
+77
+75
+75
+85
+165
+82
+233
+186
+269
+211
+355
+193
+220
+153
+345
+180
+229
+75
+136
+108
+122
+132
+112
+78
+121
+85
+114
+82
+117
+112
+130
+96
+195
+143
+217
+201
+250
+235
+281
+251
+272
+250
+525
+158
+286
+254
+79
+99
+94
+75
+97
+185
+163
+200
+130
+196
+142
+154
+139
+199
+173
+214
+238
+312
+310
+354
+291
+431
+429
+562
+456
+457
+449
+542
+388
+466
+946
+534
+1229
+93
+112
+101
+114
+130
+156
+105
+171
+112
+188
-78
+130
+123
+159
+109
+133
+87
+136
+130
+104
+80
+118
+116
+128
+120
-212
-181
-294
-266
-267
-253
-1002
-177
-1350
-312
-340
+534
+263
+916
+111
+104
+118
+117
+111
+230
+162
+191
+143
+208
+147
+199
+168
+217
+191
+140
+200
+178
+94
+243
+217
+400
+123
+183
+205
+218
+115
+201
+101
+456
+178
+325
+398
+286
+159
+234
+272
+231
+104
+107
+159
+81
+96
+109
+139
+84
+99
+112
+135
+125
+143
+103
+76
+133
+119
+130
+75
+185
+85
+77
+110
+79
+102
+78
+129
+114
+90
+90
+117
+84
+90
+81
+349
+304
+553
+234
+249
+236
+292
+267
+281
+222
+261
+242
+274
+124
+160
+90
+193
+92
+75
+102
+137
+168
+84
+136
+143
+97
+233
+165
+198
+134
+173
+120
+171
+150
+184
+127
+247
+181
+225
+98
+144
+127
+150
+124
+139
+87
+97
+123
-376
-351
-462
-351
-423
-367
-412
+100
+98
+103
+99
+100
-123
-137
-98
-208
-125
-162
+92
+91
+79
+127
+124
+137
+401
+176
+362
+150
+181
+150
+456
+376
+718
+550
+804
+750
+769
+609
+775
+804
+1026
+1077
+1603
+1904
-121
-134
-96
-129
-187
-101
-79
-91
-77
-76
+75
+113
-132
-90
-136
-137
-137
-151
-409
-395
+111
+77
+110
+126
+144
+154
+118
+200
+116
+148
+94
+155
+110
+77
+102
+85
+79
+82
+85
+98
+82
-84
-122
-94
-223
-154
-196
-107
-203
-146
-182
-164
-145
-121
-102
-103
-145
-107
-189
-93
-173
-104
-243
-228
-379
-367
-484
-599
-579
-592
+88
+92
+78
+83
+90
+85
+111
-167
-131
-153
-91
-157
-139
-321
-246
-458
-415
-461
-402
-455
-425
-452
-434
-553
-531
-562
-300
-371
-400
-420
-493
-375
-347
+83
-115
-94
-117
-109
-120
+103
+94
+118
+99
+103
+89
+94
+355
+187
+327
+325
+606
+509
+589
+548
+576
+526
+556
+578
+3491
#+10
+7687
#+9
#+8
#+7
+100
+92
+120
+87
+123
+133
+96
+115
+122
+90
+113
+95
+118
+101
+112
+104
+101
+79
+117
+90
+112
+101
+97
+81
+127
+90
+91
+85
+115
+101
+90
+98
+123
+80
+115
+103
+100
+76
+111
+107
+79
+156
+152
+89
+219
+133
+111
+85
+111
+91
+92
+103
+107
+100
+96
+217
+115
+182
+161
+118
+88
+88
+83
-87
-88
-91
-80
-78
-94
+119
+88
+141
+121
+165
+133
+177
+303
+128
+76
-80
-96
-96
-93
-87
-113
-96
-150
-133
-262
-154
-226
-190
-248
-165
-403
-383
-376
-392
-380
-402
-551
-489
-533
-540
-604
-498
+78
+86
+81
+338
+311
+556
+505
+536
+273
+273
+251
+419
+305
+346
+321
+322
+366
+349
+313
+360
+335
+353
+327
+322
+287
+299
+272
+347
+349
+477
+449
+500
+462
+490
+444
+497
+372
+556
+575
+593
+554
+681
+531
+1617
+464
#+6
+6404
+1976
+6414
#+4
#+16
#+8
#+18
#+9
#+9
#+14
#+14
#+16
#+12
#+7
#+11
+81
+80
+105
+208
+139
+212
+174
+196
+102
+175
+124
+134
+97
+169
+93
+177
+127
+133
+212
+191
+485
+334
+487
+353
+1156
+1200
+884
+1172
+1279
+1186
+1825
+1986
+2087
#+20
+1556
#+13
+6276
#+13
#+11
#+10
+88
+117
+84
+113
+102
+121
+109
+116
-198
-186
-228
-154
-241
-125
-175
-83
-102
-100
-95
-101
-81
-133
-96
-128
-102
-115
-93
-106
-118
-103
-125
-87
-135
-88
-123
-99
-138
-91
-116
-111
-131
-118
-115
-103
-114
-105
-110
-95
-120
-87
-135
-116
-132
-101
-111
-79
-130
-109
-118
-102
-122
-115
-130
-100
-115
-90
-125
-94
-101
-105
-104
-82
-115
-95
-118
-101
-125
-103
-109
-87
-95
-92
-142
-134
-142
-90
-157
-134
-171
-133
-192
-166
-157
-183
-254
-145
-198
-144
-195
-150
-183
-181
-159
-170
-164
-145
-161
-150
-172
-162
-188
-181
-244
-271
-256
-312
-300
-221
-264
-248
-312
-274
-243
-301
-248
-312
-523
-711
-549
-1139
-661
-960
-1215
-1489
-1047
-1864
+93
+102
+83
-78
-90
-94
-90
-96
-87
-103
-100
+133
+121
+102
+123
+91
+733
+810
+766
+681
-75
-102
-111
+92
+75
+111
+87
+109
+110
+87
+111
+75
+111
+362
+357
+381
+362
+750
+654
+831
+954
+987
+369
+412
+375
+621
+742
+692
+658
+756
+743
+771
+834
+870
+793
+820
+510
+606
+477
+734
+764
+760
+75
-119
-75
-154
-284
-252
-273
-245
-406
-375
-565
-526
-527
-606
-617
-631
+99
+115
+90
+75
+100
+112
+105
+75
+93
+110
+85
+137
+115
+82
+178
+99
-172
+225
+184
+256
+186
+832
+529
+90
+135
+95
+98
-142
-119
-160
-84
-176
-156
-135
-149
-149
-269
-250
-246
-226
-255
-275
-289
-303
-337
-232
-267
-238
-372
-211
-234
-211
-371
-296
-358
-312
-518
-472
-509
-505
-860
-473
-506
-496
+75
+89
+127
+105
+126
+101
+161
+149
+163
+136
+194
+149
+201
+110
+142
+123
+181
+118
+171
+116
+175
+112
+193
+137
+209
+154
+263
+226
+277
+234
+264
+251
+284
+145
+219
+162
+262
+229
+281
+250
+287
+248
+312
+231
+463
+505
+711
+696
+1001
+666
+97
+90
+112
+78
+133
+79
+161
+112
+176
+113
+163
+140
+179
+143
+163
+132
+147
+87
+150
+75
+136
+75
+174
+87
+162
+117
+233
+188
+339
+201
+375
+301
+369
+326
+391
+191
+412
+399
+447
+426
+494
+477
+502
+471
+546
+501
+775
+549
+884
+377
+374
+516
+452
+257
+312
+264
+375
+402
+773
+225
+535
+288
+644
+624
+843
+389
+452
+337
+285
+342
+331
+310
+520
+487
+508
+577
+565
+492
+887
+940
+94
+89
+101
+133
+94
+77
+106
+126
+82
-100
-81
-93
-370
-349
-377
-332
-362
-361
-359
-358
-624
-550
-703
-673
-753
-783
-783
-806
-780
-779
-787
-807
-786
-800
-783
-796
-807
-787
-819
-822
-835
-826
-843
-847
-846
-836
-108
-96
-125
-100
-106
-123
-119
-79
-110
-100
-99
+89
-127
-114
-78
+136
+87
+91
+89
+137
+117
+123
+96
+251
+89
+484
+464
+475
+98
+130
+117
+92
+159
+162
+210
+166
+243
+244
+365
+367
+382
+344
+375
+356
+390
+353
+400
+380
+447
+383
+774
+762
#+6
#+5
+105
+81
-84
-76
-82
-104
-105
-87
-79
-77
-84
-93
+93
+100
+113
-105
-95
-81
-101
+76
+98
+100
+102
+134
+106
+96
+77
+94
+86
+103
+76
+81
+112
+79
+84
+93
+96
+114
-158
-115
+137
-166
-130
-214
-87
-122
-100
-158
-110
-198
-174
-213
-178
-185
+86
+108
+97
+94
+75
+104
+90
+77
+95
+97
+87
+75
+80
+89
+81
+111
+152
+102
+92
+86
+107
+96
+92
+81
+89
-79
+78
+162
+131
+177
+173
+167
+158
+196
+175
+215
+90
+145
+171
+280
+257
+242
+258
+285
+243
+278
+201
+220
+201
+591
+312
+354
+316
+329
+329
+341
+343
+361
+332
+378
+364
+466
+496
+499
+538
-86
-116
-78
-105
-104
-111
-90
-127
-101
-148
-91
-227
-89
-183
-137
-166
-156
-199
-126
-171
-78
-102
-99
-144
-229
-202
-283
-282
-382
-179
-196
-140
-238
-186
-239
-119
-142
+111
+137
+112
+143
+113
+107
+106
+157
+120
+247
+133
+243
+240
+825
+846
+95
+81
+88
+108
+96
+94
+81
+277
-122
-100
-155
-82
-227
-185
-223
-163
-227
-150
-250
-203
-227
-295
-312
-302
-374
-266
-566
-621
-722
-748
-753
-910
-1026
-1053
-1017
-1086
+88
-78
-86
+128
-84
+118
-119
-86
-82
-96
-88
-135
-88
-176
-112
-154
-109
-170
-146
-383
-175
-200
-194
-206
-92
-106
-372
-323
-336
-292
-377
-340
-895
-351
-373
-337
-360
-217
-242
-220
-238
-290
-449
-392
-486
-489
-1564
-6126
-4910
-422
-6129
-433
-4780
-1301
-6200
-6200
+116
+126
+132
+85
+151
+80
+135
+101
+179
+121
+152
+97
+193
+95
+146
+118
+168
+175
+117
+171
+105
+181
+121
+169
+110
-75
-86
-101
-86
-189
-77
-190
-79
-140
-99
-94
+94
+107
+76
+128
+108
+123
+126
+103
+115
+95
+133
+189
+181
-81
+83
+79
+76
+87
+89
+87
+98
+76
+529
+505
+538
+481
+779
+793
+813
+805
+806
+805
+83
+76
-75
-117
-87
-90
-104
-96
-76
+171
+148
+204
+187
+215
+183
+124
+224
+208
+169
+266
+141
+239
+231
+216
+162
+231
+186
+260
+126
+200
+136
+207
+187
+268
+180
+212
+209
+235
+232
+268
+225
+260
+207
+279
+265
+402
+416
+193
+421
+423
+432
+418
+611
+498
+527
+528
+465
+1071
+6052
+638
+6095
+676
+6095
+6076
+6100
+6105
+6105
+81
+79
+79
+77
+101
+98
+107
+90
+82
+81
+130
+109
-110
-83
-96
-115
-97
-174
-112
-127
-78
-220
-182
-223
-202
-425
-387
-404
-371
-404
-149
-163
-142
-219
-149
-150
-126
-173
-118
-153
-113
-132
+77
+103
+99
+93
+75
-97
-97
-98
-112
-105
-80
-125
-189
-165
-163
-75
-219
-137
-278
-218
-248
-183
-190
-125
-144
-138
-185
-236
-211
-241
-140
-186
-168
-200
-184
-200
-137
-228
-141
-244
-162
-192
-90
-130
-107
-133
+1039
+501
+550
+486
+1496
+871
+2256
+958
+200
+85
+81
+77
+120
+87
+151
+112
+179
+105
+290
+103
+85
+78
+121
+99
+157
+147
+152
+104
+302
+89
+134
+88
+105
+94
+746
+558
+621
+92
+129
+274
+187
+233
+212
+188
+215
+194
+210
+135
+152
+95
+142
+106
+282
+252
+236
+152
+173
+264
+261
+375
+221
+387
+420
+383
+375
+1113
+831
+81
+89
+116
+84
+90
+110
+97
+104
+175
+141
+187
+146
+257
+200
+238
+234
+255
+172
+266
+234
+500
+504
+489
+509
+836
+804
+793
+828
+1137
+1060
+1121
+1070
+1172
+1132
+1337
+1377
+84
+89
+88
-78
-124
+94
+93
+84
+116
+93
+141
+75
+192
+87
-129
-110
-76
-101
-90
+84
-653
-628
-622
-628
-691
-699
-721
-703
-725
-718
-741
-737
-740
-734
+97
+106
+91
+97
+130
+85
+108
+126
+107
+136
+75
-76
-98
-203
-98
-310
-192
-222
-189
-218
-220
-272
-133
-186
+94
+95
+82
+114
+80
+163
-186
-183
-214
-215
-221
-222
+80
+99
+122
+84
+77
+78
+80
+75
+97
+85
+81
+92
+96
+89
+92
+90
+81
+94
+84
+113
+110
+86
+94
+98
+87
+103
+91
+91
+77
+82
+84
+98
+131
+230
+204
+96
+78
+80
+93
+80
+114
+87
+106
+92
+111
+87
+128
+88
+125
+105
+136
+90
+139
+84
+126
+111
+134
+79
+144
+75
+170
+183
+156
+164
+173
+194
+132
+135
+177
+187
+75
+75
+78
-187
-127
-138
-137
-246
-196
-197
-195
-256
-246
-243
-157
-229
-142
-198
-158
-299
-192
-245
-196
-200
-84
+84
-76
-114
-103
-86
-142
-131
-178
-132
-122
-120
-254
-377
-624
-630
-1041
-1082
-1337
-1389
-1376
-1394
-1437
-1411
-1458
-1398
+88
+79
+104
+115
+78
+181
+184
+393
+413
+906
+966
+141
+82
+104
+124
+77
+114
+82
+131
+117
+111
+88
+76
+85
+79
+412
-160
+116
-731
-688
-775
-796
-839
-437
-701
-707
+75
+79
+103
+123
+144
+148
+105
+81
+113
+81
+86
-155
-92
-151
-86
-177
-145
-216
-108
-166
-86
-204
-133
-143
-96
-163
-120
-170
-144
-154
-107
-162
-111
-154
-90
-162
-132
-185
-116
-188
+81
+96
-91
+118
+144
+77
+116
-333
-379
-443
-303
-303
-302
-534
-480
-547
-515
-560
-538
-582
-427
-431
-405
-693
-699
-785
-793
-785
-771
+131
+120
+140
+132
+127
+102
+114
+111
+86
+97
-94
-136
+139
-83
-112
-99
-167
-79
-171
-111
-199
-208
+93
-90
-344
-182
-270
-234
-530
-432
-750
-653
-587
-744
-771
-740
-772
-761
-788
-766
-771
-746
+104
+98
+88
+89
+84
+187
+109
+184
-206
-158
-288
-246
-301
-262
-308
-279
-273
-265
-405
-368
-390
-403
-446
-492
-482
-524
-497
-544
-645
-555
+115
+80
+133
+87
-75
-145
-127
-177
-123
-168
-121
-186
-140
-172
-121
-146
-145
-135
-123
-129
-139
-198
-134
-136
-135
-317
-298
-324
-305
-375
-454
-1039
-1000
-1061
-1031
-1067
-1054
-1174
-1062
-1406
-6195
-6462
+131
-93
-83
-115
+208
+160
+211
+186
+175
+120
+173
+135
+160
+137
+255
+211
+243
+221
+272
+215
+299
+269
+305
+264
+355
+295
+365
+337
+361
+351
-163
-198
-224
-196
-202
-190
-247
-250
-223
-179
-193
-158
-212
-226
-231
-197
-238
-166
-202
-190
-196
-182
-204
-193
-162
-181
-220
-159
-197
-129
-193
-113
-179
-156
-187
-162
-175
-162
-258
-176
-215
-180
-336
-283
-355
-310
-343
-345
-343
-320
-353
-257
-313
-221
-541
-516
-962
-982
-929
-991
-1025
-1024
-77
-86
-95
-76
-103
-108
-101
-120
-117
-83
-150
-159
-139
-172
-100
-161
-197
-280
-249
-386
-323
-390
-376
-410
-366
-458
-421
-493
-431
-495
-433
-575
-361
-388
-328
-328
-350
-348
-335
-337
-330
-350
-349
-354
-330
-352
-350
-384
-390
-427
-363
-371
-385
-458
-365
-411
-402
-405
-385
-408
-418
-425
-431
-500
-558
-526
-453
-460
-500
-513
-508
-530
-533
+88
+84
-77
-94
-84
-112
+85
+81
-258
-207
-268
-111
-107
-127
-91
-83
-94
-93
-80
-98
-147
-114
-78
-181
-195
-225
-181
-238
-211
-228
-235
-198
-213
-213
-194
-232
-207
-226
-195
-191
-211
-256
-138
-249
-235
-211
-200
-242
-305
-399
-372
-399
-399
-405
-405
-506
-517
-1220
-961
-5589
-6437
-6581
#-33
-105
-114
-166
-134
-190
-127
-141
-80
-128
-164
-188
-135
-156
-115
-245
-208
-266
-265
-285
-265
-311
-291
-323
-213
-301
-177
-265
-180
-220
-150
-216
-177
-201
-75
-93
-102
-92
-138
-106
-188
-174
-198
-183
-596
-559
-606
-562
#-8
#-7
#-7
#-6
+75
+79
+85
+96
+105
+90
+87
+107
+113
+164
+112
+170
+114
+78
+80
+84
+118
+90
+196
+175
+262
+185
+337
+82
+389
+178
+235
+183
+221
+197
+264
+128
+160
+102
+170
+76
+95
-100
-196
-134
-141
-114
-144
+86
-87
+114
+96
+98
-81
+156
+82
+176
+134
+162
+91
+348
+261
+355
+344
+499
+416
+537
+386
+477
+189
+487
+263
+351
+266
+501
+508
+778
+740
+884
+905
+93
+90
+92
+92
+83
+89
+86
+117
+116
+175
+121
+171
+136
+176
+108
+265
+221
+272
+215
+366
+325
+542
+339
+375
+341
+401
+366
+395
+358
+470
+425
+470
+424
+762
+808
+1112
+1180
+1065
+633
+82
+83
+75
-90
-105
-87
-118
-108
+76
+159
+164
+185
+137
+255
+256
+229
+92
+159
+102
+187
+183
+103
+145
+82
+164
+147
+161
+108
+241
+77
-150
-141
-196
-166
-193
-78
-190
-80
-238
-221
-359
-296
-350
-311
-356
-261
-298
-240
-305
-259
-329
-303
-429
-399
-471
-491
-503
-424
-490
-441
-493
-215
-248
-232
-258
-239
-273
-182
-217
-258
-228
-187
-191
-152
-165
-129
-194
-103
-203
-150
-184
-139
-179
-167
-163
+106
+110
+83
+94
+93
-93
+96
+185
+147
+163
+118
+238
+129
+389
+212
+493
+456
+500
+446
+660
+500
+548
-75
+81
+93
+158
+173
+98
+143
+102
+137
+118
+167
+165
+187
+151
+381
+264
+264
+132
+139
+125
+129
+108
+137
+122
+173
+124
+172
+130
+138
+87
+112
+82
+112
+127
+111
+85
+109
+106
+150
+129
+162
+93
+188
+139
+243
+213
+237
+224
+266
+221
+277
+274
+270
+304
+303
+376
+325
+294
+342
+363
+434
+465
+105
+82
+81
-137
-112
-87
-97
-92
-100
-128
-101
-107
-98
-89
-150
-156
-101
-102
-117
-146
+81
+92
+88
+86
+125
+96
+175
+109
+147
+126
+177
+139
+328
+252
+350
+315
+370
+242
+266
+252
+276
+270
+314
+235
+208
+225
+254
+228
+254
+230
+282
+209
+249
+240
+271
+249
+295
+297
+301
+267
+305
+252
+311
+298
+281
+249
+277
+272
+321
+293
+318
+303
+329
+318
+329
+296
+348
+312
+342
+303
+321
+328
+294
+322
+315
+299
+330
+304
+327
+312
+308
+315
+308
+303
+312
+310
+324
+291
+303
+297
+309
+283
+343
+284
+305
+298
+316
+348
+300
+304
+362
+315
+374
+339
+297
+267
+281
+278
+270
+276
+660
+703
+647
+638
+89
+91
+81
+83
+78
+77
+187
+177
+203
+172
+198
+99
+119
+112
+78
+82
+101
+79
-86
-128
-101
-206
-181
-254
-126
-821
-833
-817
-827
-825
-825
-837
-833
+92
-86
-98
-83
-128
-243
-241
-236
-87
-78
-78
-86
-94
-105
-90
-92
-85
-92
-150
-245
-277
-250
-315
-531
-573
-538
-442
-444
-511
-618
-709
-605
-529
-736
-671
-713
-799
-734
-850
-894
-852
-888
-1594
-2146
-5745
-2822
-5754
-5754
-5759
-5754
-5764
-5764
-5764
-5774
-5764
-6485
#-31
#-24
#-14
+109
+301
+88
+204
+161
+236
+169
+219
+189
+232
+190
+213
+155
+212
+153
+375
+242
+362
+320
+438
+409
+435
+391
+530
+490
+565
+503
+588
+562
+602
+491
+547
+559
+697
+671
+677
+698
+723
+653
+769
+705
+909
+914
+945
+962
+910
+996
+941
+1006
+1050
+1143
+1111
+1062
+1175
+969
+1023
+968
+1143
+1127
+1041
+1087
+1325
+770
+862
+825
+1078
+779
+774
+856
+824
+762
+722
+765
+805
+737
+6237
+795
+5561
+6205
+1942
+6286
+89
+165
+166
+138
+170
+82
+87
+87
+190
+100
+184
+176
+127
+143
+206
+138
+163
+103
+103
+82
+117
+98
+83
+93
+86
+87
+97
+80
+215
+247
+208
+191
+323
+233
+351
+275
+373
+345
+367
+331
+1102
+1143
+1166
+1426
+1219
+616
+886
+437
+997
+425
+605
+920
+1498
+431
+512
+80
+80
+97
+143
+80
+132
+76
+139
+127
+100
+142
+89
+141
+127
+107
+104
+107
+103
+119
+83
+106
+143
+110
+75
+96
+113
+96
+95
+137
+83
+113
+85
+143
+89
+132
+92
+151
+87
+111
+130
-119
-109
-119
-86
-114
+130
+92
+76
+283
+208
+265
+196
+268
+216
+275
+244
+307
+248
+305
+260
+303
+259
+337
+325
+345
+276
+442
+362
+350
+325
+400
+293
+397
+285
+349
+249
+563
+537
+922
+933
+1490
+1547
+2094
+2080
+1994
#+17
+91
+108
+94
+106
+104
+105
+83
+108
+75
+114
+76
+154
+140
+128
+101
+78
+106
+93
+84
+94
+84
+81
+83
+80
+97
+75
+168
+125
+170
+126
+163
+146
+164
+144
+158
+83
+125
+95
+111
+84
+119
+87
+79
+247
+223
+258
+204
+248
+250
+233
+209
+320
+317
+373
+443
+456
+570
+536
+600
+573
+681
+650
+1230
+628
+1083
+717
+649
+790
+1143
+1845
+6086
+6076
+5509
+5499
+6100
+78
+138
+101
+145
+117
+156
+118
+137
+121
+167
+102
+95
+97
+120
+100
+109
+149
+99
+144
+85
+148
+102
+205
+164
+300
+284
+265
+203
+267
+214
+491
+578
+639
+393
+738
+372
+366
+353
+388
+390
+735
+365
+400
+422
+80
+78
+75
-86
-93
-560
-370
-716
-1304
-166
-187
-164
-94
-114
-157
-114
-112
-94
-79
-87
-123
-87
-88
-98
-131
-122
-125
-112
-121
-110
-122
-120
-114
-89
-161
-150
-144
-123
-237
-193
-206
-183
-209
-128
-348
-198
+81
-83
-89
+118
-108
+126
+121
+201
+166
+165
+144
+270
+225
+332
+144
+82
+137
+119
+143
+91
+161
+341
+187
+642
+625
+897
+895
+1742
+1718
+79
+75
+95
+125
+122
+76
+204
+119
+157
+103
+213
+145
+201
+127
+193
+137
+285
+222
+324
+294
+288
+197
+286
+201
+296
+249
+330
+277
+332
+298
+406
+326
+382
+325
+406
+360
+416
+379
+426
+405
+426
+365
+388
+352
+428
+406
+439
+417
+499
+343
+419
+430
+650
+715
+762
+400
+500
+449
+626
+612
+629
+445
+454
+667
+552
+697
-78
-75
-108
-102
-80
-104
-90
-87
-176
-111
-212
-159
-215
-145
-275
-226
-394
-366
-412
-364
-415
-340
+114
+75
+106
+112
+166
+106
+122
+102
+155
+84
+175
+120
+176
+129
+170
+150
+190
+160
+289
+230
+279
+286
+385
+296
+341
+330
+380
+291
+358
+309
+459
+305
+329
+347
+325
+342
+378
+341
+398
+311
+411
+362
+471
+403
+446
+380
+405
+441
+423
+395
+583
+542
+641
+569
+844
+864
+872
+852
+91
+109
+86
+122
+93
+83
+88
+119
+93
+75
+99
+99
+79
+110
+101
+108
+94
+115
+89
+122
+93
+117
+83
+128
+87
+130
+76
+98
+83
+88
+94
+106
+98
+109
+130
+133
+86
+131
+113
+101
+112
+136
+108
+128
+104
+127
+78
+123
+102
+112
+116
+118
+152
+140
+149
+128
+130
+159
+150
+152
+109
+130
+131
+154
+148
+109
+158
+135
+154
+161
+137
+156
+152
+173
+149
+137
+155
+150
+137
+157
+150
+181
+171
+172
+158
+196
+117
+150
+145
+364
+370
+419
+358
+348
+393
+363
+420
+450
+546
+107
+89
+122
+103
+141
+147
-80
-149
-108
-78
-144
-140
-76
-162
-93
-121
-105
-137
-87
-122
-108
-108
-98
-114
-102
-125
-106
-130
-86
-178
-177
-162
-197
-158
-211
-188
-215
-190
-220
-205
-246
-231
-269
-237
-261
-217
-246
-219
-331
-283
-369
-341
-371
-345
-387
-290
-388
-358
-405
-323
-394
-329
-360
-334
-375
-377
-377
-271
-357
-354
-458
-355
-410
-307
-356
-388
-365
-312
-328
-408
-426
-356
-397
-449
-562
-567
-575
-556
-566
-575
+77
-90
-112
-82
-100
-85
-86
-103
-89
-172
-117
-160
-77
-189
-109
-158
-185
-229
-164
-206
-184
-327
-283
-477
-361
-610
-698
-745
-904
-826
-701
-996
-969
-1168
-1247
-1209
-1280
-1341
-1542
#-6
#-5
#-5
#-4
+109
+104
+89
+112
+104
+75
+116
-115
+113
+80
+83
+108
+110
+119
+119
+132
+87
+127
+85
+165
-215
-146
-223
-126
-626
+346
+256
+377
+313
+306
+387
+409
+428
+488
+462
+487
+468
+536
+521
+562
+443
+607
+567
+804
+781
+804
+787
+818
+591
+758
+745
-94
-135
+111
+133
+93
+129
+172
-152
-132
-176
-136
-335
-325
-361
-263
-441
-250
-322
-275
-237
-170
+101
+111
+104
+81
+156
+228
+237
+245
+310
+226
+237
+273
+304
+401
+273
+374
+343
+591
+506
+631
+500
+667
+236
+602
+425
+990
+75
+76
+134
+111
+144
+136
+155
+158
+182
+100
+167
+143
+194
+138
+121
+133
+181
+76
+103
+112
+78
-101
-118
+96
+267
+175
+211
+201
+233
+199
+263
+206
+339
+238
+344
+306
+341
+287
+435
+315
+388
+327
+402
+345
+478
+258
+332
+293
+291
+269
+415
+394
+407
+414
+918
+651
+832
+368
+866
+872
+868
+856
+894
+1036
+1701
+1958
+111
+88
+159
+87
+173
+87
+129
+90
+114
+93
+85
-89
-106
-242
-83
-77
-512
-492
-962
-1027
-1201
-2268
#-7
#-7
#-7
#-6
-85
-87
+89
+168
+119
-141
-135
-130
-114
-153
-87
-151
-186
-236
-181
-212
-183
-216
-89
-237
-167
-203
-185
-200
-163
-98
-80
-111
-87
-112
-77
-86
-120
-94
-113
-125
-113
-143
-114
-154
-170
-145
-181
-117
-175
-379
-224
-155
-236
-408
-200
-252
-258
-436
-411
-396
-241
-1230
-1301
#-20
#-17
#-25
#-15
#-24
#-13
#-6
#-15
#-11
#-11
#-9
#-10
#-9
#-10
+102
+76
+91
+92
+86
+101
+81
+94
+125
+100
+106
+102
+92
+168
+110
+136
+139
+162
+140
+168
+129
+161
+126
+177
+152
+218
+191
+251
+216
+322
+258
+290
+295
+327
+300
+550
+597
+540
+593
+171
+113
+116
+95
+191
+103
+197
+182
+156
+199
+165
+224
+179
+226
+150
+198
+164
+216
+200
+211
+184
+252
+212
+275
+197
+260
+219
+259
+230
+311
+250
+314
+166
+148
+326
+102
+256
+246
+273
+256
+272
+265
+301
+241
+293
+268
+324
+287
+409
+365
+407
+399
+526
+487
+529
+469
+696
+492
+576
+618
+115
+100
+142
+125
+75
+131
+150
+104
+313
+292
+312
+288
+305
+280
+325
+279
+312
+311
+495
+473
-110
-115
-107
-77
-122
-150
-180
-91
-157
-137
-163
-85
-186
-105
-146
-131
-153
-115
-309
-299
-299
-275
-744
-254
-252
-200
-480
-172
-198
-152
-204
-139
-127
-86
-201
-123
-148
-186
-196
-196
-254
-162
-275
-260
-246
-317
-304
-288
-416
-407
-395
-533
-385
-426
-407
-395
-601
-421
-525
-677
-1239
-1922
-1917
#-18
#-11
#-11
+76
+104
+108
+85
-113
-106
-75
-108
-628
-620
-674
-407
-421
-422
-549
-491
+87
+89
+110
+137
+117
+75
+102
+95
+136
+106
+197
+147
+117
+193
+138
+176
+122
+164
+115
+158
+107
+151
+105
+156
+79
+262
+133
+297
+182
+285
+197
+216
+144
+313
+312
+318
+280
+550
+232
+329
+286
+340
+273
+299
+79
+165
+141
+544
+901
+1022
+6437
#+3
#+2
+83
+86
+105
+111
+119
+79
+92
+77
+100
+83
+149
+124
+148
+93
+114
+134
+271
+238
+75
+152
+81
+104
+151
+111
+123
+80
+115
+110
+83
+106
+87
+136
+75
+195
+95
+211
+181
+135
+153
+98
+79
-101
+149
-219
+144
+111
+165
+126
+149
+104
+179
+133
+189
+112
+202
+85
-105
-81
-173
-150
-151
-141
-184
-175
-249
-194
-220
-178
-224
-190
-267
-184
-246
-225
-228
-231
-251
-212
-249
-189
-207
-264
-295
-235
-246
-215
-263
-237
-251
-212
-626
-621
-943
-919
-1537
-6266
-1498
-6166
-1486
-6290
-6276
-7268
-6305
-6354
+107
+104
+168
+128
+148
+98
+186
+123
+151
+86
+135
+96
+183
+137
+165
+181
+201
+155
+228
+155
+197
+144
+204
+149
+583
+567
+600
+621
+682
+619
+837
+892
+837
+901
+1097
+3113
#+9
#+8
#+8
#+7
#+6
+6305
+1423
+6414
+110
+77
+104
+82
+113
+77
+91
+87
+92
+91
+152
+125
+137
+89
+112
+88
+99
+109
+136
+87
+103
+88
+93
+85
+95
+152
+77
+75
+93
+103
+91
+107
+90
+96
+90
+75
+113
+111
+87
-77
+307
+149
+340
+269
+295
+241
+291
+275
+406
+117
+133
-108
-77
+79
+81
+100
+88
+98
+94
+98
+90
+86
+90
+135
+90
+109
+125
+77
+82
+78
+165
+83
+158
+80
+181
+93
+175
+107
+138
+82
-318
-290
-363
-336
-366
-356
-396
-373
-401
-314
-367
-284
-334
-367
-348
-321
-344
-362
-387
-307
-371
-380
-397
-387
-404
-380
-374
-263
-267
-325
-310
-324
-263
-256
-330
-339
-324
-263
-246
-330
-339
-324
-263
-248
-330
-276
-335
-265
-546
-576
-579
-672
-682
-702
+75
+89
-103
-76
-87
-113
-100
-192
-129
-187
-114
-220
-130
-178
-117
-191
-99
-164
-83
-175
-98
-149
-106
-130
-137
-174
-114
-96
-200
-96
-225
-181
-312
-286
-459
-454
-492
-457
-539
-302
-412
-162
-275
-187
-240
-191
-265
-114
-176
-79
-174
+85
+81
+92
-98
-97
-119
-92
-336
-307
-568
-140
-133
-124
-179
-82
-146
-99
-243
-100
-263
-160
-412
-479
-487
-402
-759
-766
-763
-770
-833
-741
-783
-818
-812
-818
-850
-753
-791
-706
-752
-767
-861
-848
-886
-838
-841
-822
-963
-1038
-991
-1007
+112
+110
+131
+108
+85
+127
+90
+123
+90
+162
+79
+141
+105
+144
+112
+187
+81
-87
-118
-94
-141
-133
-121
-79
-87
-174
-85
-150
-296
-303
-350
-140
-163
-115
-191
-246
-283
-113
-1029
-1084
-930
-1039
-1231
-1396
-1420
-1394
-1448
-1039
+122
+89
+79
-81
-120
-87
-126
-103
-96
-145
-89
-134
-100
-181
-162
-209
-144
-234
-199
-209
-182
-321
-191
-330
-321
-280
-260
-247
-109
-153
-158
+422
+80
+76
-86
-92
+126
+84
+133
+93
+159
+88
+154
+92
+78
+111
+176
+276
-175
-125
-91
-91
-143
+127
+79
+141
+83
+133
+117
+127
+102
+91
+113
+105
+102
+194
+123
+145
+528
+491
+580
+509
+835
+732
+733
+126
+702
+662
+784
+781
+794
+817
+790
+793
+108
+96
+96
+94
+117
+111
+87
+90
+139
+90
+120
+76
+154
+105
+148
+193
+179
+181
+113
+452
+433
+418
+694
+366
+411
+235
+252
+235
+288
+236
+254
+242
+349
+325
+436
+386
+425
+231
+287
+275
+394
+319
#+4
#+3
+75
+90
+95
+122
+76
+115
+75
+85
+99
+112
+103
+156
+113
+173
+164
+165
+126
+263
+262
+292
+147
+389
+380
+422
+277
+401
+378
+491
+479
+454
+458
+550
+478
+873
+4099
+1605
+1306
+1488
+1650
+2095
+2809
#+29
+3079
#+11
#+13
#+10
+86
+91
+84
+84
+89
+90
+130
+139
+91
+127
+117
+138
+77
+142
+92
+78
+298
+254
+269
+249
+303
+299
+367
+210
+240
+246
+287
+164
+96
+167
-257
-203
-269
-259
-1566
-1543
-1587
-410
-773
-784
-964
-946
-1661
-1124
-1553
-1479
#-2
#-1
-87
-87
-85
-124
-77
-129
-101
-106
-116
-89
-136
-86
-175
-151
-169
-147
-262
-222
-364
-330
-387
-309
-439
-426
-494
-333
-362
-361
-357
-366
-403
-386
-440
-410
-437
-474
-553
-391
-381
-333
-395
-185
-239
-196
-366
-340
-511
-509
-583
-533
-114
-78
-100
-77
-86
-87
-99
-78
-534
-133
-163
-139
-185
-285
+79
+86
+120
+80
+118
+109
+75
+82
-85
+85
+361
+315
+339
+188
+180
+108
+136
+97
+144
+126
+201
+144
+278
+235
+284
+210
+352
+224
+266
+175
+564
+404
+445
+431
+443
+407
+523
+747
+432
#+8
+1738
+1683
+2115
+1789
+8297
+1827
#+10
#+6
+1022
+1065
+109
+119
+79
+127
+130
+139
+115
+87
+117
+93
-97
-83
-160
-77
-109
-105
-95
-87
-164
+177
+90
+75
+115
-94
-89
-75
-128
-94
-147
-119
-182
-187
-281
-234
-315
-271
-279
-210
-249
+110
-239
-215
-613
-216
-357
-311
-419
-297
-406
-379
-499
-359
-410
-370
-438
-391
-464
-434
-500
-433
-548
-439
-457
-440
-567
-527
-612
-599
+100
+77
+76
+97
+94
-79
-98
-89
-122
-81
-118
-170
-76
-124
-149
+120
+96
+81
-78
-443
-450
-457
-464
-488
-436
-562
-480
-548
-452
-1043
-1055
+81
-96
-105
-111
-182
-98
-212
-165
-230
-132
-215
-136
-284
-203
-275
-244
-314
-253
-267
-212
-258
-206
-255
-198
-233
-167
-230
-155
-194
-148
-204
-146
-400
-361
-400
-250
-353
-328
-296
-286
-350
-330
-457
-473
-467
-440
-512
-439
-492
-438
-487
-431
-863
-850
-839
-573
-572
-602
-672
-659
-704
-828
-835
-816
-2015
-1183
+81
+93
-91
+90
+80
+118
+157
-117
-221
-136
-201
-84
-162
-117
-410
-398
-401
-89
-80
-97
-99
-147
+90
+77
+130
+77
+138
+127
+149
+101
+91
+78
+78
+94
+86
+111
+115
+85
+97
+75
+91
+145
+96
+124
+102
+125
+100
+142
+131
+146
+137
+165
+81
+83
+87
+98
+131
+99
+97
+79
+154
+139
+160
+152
+141
+164
+172
+174
+208
+158
+196
+168
+222
+196
+205
+171
+352
+305
+211
+507
+411
+546
+602
+723
+752
+729
+969
+966
+987
+1215
+1295
+1928
+75
+104
-92
-106
-75
-113
-170
-84
-131
-109
-220
-200
-276
-261
-400
-312
-507
-343
-394
-349
-657
-678
+122
+79
+99
-88
-88
-83
-83
-215
-166
-295
-88
-110
-85
-323
-279
-301
-283
-415
-411
-494
-503
-530
-480
-515
-463
-571
-345
-463
-362
-428
-370
-451
-449
-469
-449
+79
+121
+87
+126
+97
+81
+79
+84
+75
+188
+207
+189
+187
+85
+117
+81
+118
+83
+129
+85
+121
+107
+121
+84
+132
+97
+124
+96
+137
+107
+115
+75
+75
+87
+86
+90
+92
+108
+108
+94
+95
+75
+192
+142
+272
+245
+337
+282
+290
+285
+345
+295
+339
+266
+330
+287
+341
+310
+411
+325
+573
+330
+613
+601
+825
+815
+901
+900
+861
+972
+1087
+1134
+975
+1528
+1558
+1578
+1387
+1585
+1980
+6714
+1950
+2455
+116
+93
+82
+80
+78
+105
+110
+77
+104
+88
+106
+107
+80
+97
+87
+115
+97
+89
+104
+79
+76
+92
+131
+88
+132
+87
+87
+104
+95
+95
+78
+85
+82
+113
+161
+137
+190
+151
+204
+165
+203
+160
+228
+126
+177
+171
+211
+198
+231
+172
+257
+259
+295
+275
+356
+296
+358
+271
+332
+312
+340
+313
+368
+422
+474
+519
+612
+653
+690
+699
+600
+745
+75
+77
+104
-77
+137
+82
+103
+82
+314
+239
+78
+459
+503
+468
+511
+467
+234
+100
+231
+146
+219
+197
+200
+170
+243
+169
+214
+179
+239
+173
+312
+228
+342
+307
+338
+283
+318
+271
+327
+299
+386
+354
+411
+392
+427
+370
+86
+102
+86
+85
+76
+82
+131
+82
-146
-96
-134
-100
-125
-86
-175
-186
-213
-175
-254
-181
-198
-91
-431
-373
-430
-400
-383
-458
-665
-470
-648
-658
-702
-440
-706
-638
-712
-761
-780
-739
-778
#-7
#-6
-76
-150
-137
-184
-179
-78
-91
-79
-99
-79
-92
-124
-134
-139
-95
-125
-104
-134
-117
-140
-105
-140
-115
-175
-136
-158
-110
-158
-125
-141
-135
-182
-150
-168
-151
-200
-150
-214
-244
-327
-286
-375
-404
-350
-400
-452
-477
-567
-276
-385
-421
-457
-487
-445
-401
-510
+78
+83
+102
+91
+83
-91
-188
-129
-154
-885
-368
-485
-391
-420
-105
-446
+90
+86
+76
+114
+194
+87
+123
+97
+131
+105
+127
+137
+134
+125
-119
+148
+153
+127
+91
+213
+89
+137
+83
+137
+89
+117
+197
+684
+697
+653
+546
+103
+84
+105
+108
-113
-92
+75
+76
+112
+91
+113
+117
+106
+100
+83
+80
+76
+76
+80
+80
+80
+76
+78
+75
+97
+112
+128
+89
+115
+100
+125
+158
+106
+131
+77
+124
+138
+104
+80
+81
+91
+78
+75
+83
+97
+97
-78
-184
-120
-111
-102
-87
-142
-207
-179
-204
-159
-258
-180
-211
-188
-235
-212
-227
-203
-218
-200
-212
-175
-190
-170
-239
-180
-262
-202
-246
-221
-208
-192
-314
-206
-355
-340
-641
-480
-583
-695
-788
-743
-965
-999
-980
-875
-1224
-2239
-1607
-5699
+79
+76
+89
+89
+88
+88
+85
+100
+83
+104
+125
+81
+102
+132
+85
+122
+90
+133
+139
+86
+129
+89
+148
+88
+112
+106
+116
+149
+127
+170
+146
+163
+129
+154
+138
+266
+175
+364
+184
+254
+208
+252
+213
+244
+233
+224
+206
+235
+163
+250
+178
+280
+208
+205
+171
+223
+223
+592
+571
+799
+778
+79
+87
-79
-75
-87
-77
-89
-75
-82
-87
-81
-75
-109
-103
-117
-103
-76
-108
-88
-141
-113
-162
-139
-139
-99
-103
-75
-202
-189
-269
-219
-265
-207
-276
-241
+79
+113
+126
+80
+175
+128
+211
+191
+230
+290
+301
+274
+274
+314
+387
+391
+385
+350
+411
+380
+407
+198
+185
+210
+290
+230
+425
+444
+361
+427
+450
+381
+382
+382
+430
+384
+573
+540
+570
+536
+603
+536
+785
+775
+845
+352
+384
+342
+92
+84
-75
-91
-84
-86
-102
+100
+117
+78
+200
+157
+208
+114
+124
+136
+121
+140
+171
+207
+164
+146
+219
+214
+182
+202
+315
+432
+601
+609
+838
+989
+953
+889
+1001
+934
+6071
+1286
-80
-83
+113
+81
+199
+85
+82
+81
-108
+179
+200
+211
+178
+225
+116
+94
+104
+153
+101
+79
+134
+116
+103
+127
+91
+111
+82
+175
+141
+194
+137
+217
+195
+287
+230
+283
+260
+248
+256
+300
+234
+311
+257
+373
+352
+411
+411
+417
+264
+308
+313
+296
+307
+318
+306
+326
+350
+369
+330
+403
+425
+114
+179
+110
+128
+102
+92
+122
+94
+130
+85
+153
+92
+80
+114
+132
+123
+82
+85
+75
+77
+81
-75
+84
+106
+125
+194
+155
+178
+120
+263
+168
+277
+263
+261
+250
+271
+279
+303
+257
+312
+266
+288
+263
+340
+278
+318
+302
+357
+316
+381
+347
+389
+374
+420
+410
+452
+392
+459
+231
+384
+378
+459
+478
+450
+447
+737
+757
+1026
+1028
+992
+1178
+1108
+1148
+1434
+1164
+156
+100
+138
+82
+130
+104
+100
+75
-84
-75
-87
-134
+90
+97
+101
-105
-124
-90
-93
-149
+107
+88
+108
+86
+126
+77
+200
+139
+212
+135
+195
+191
+198
+143
+220
+175
+201
+112
+164
+110
+163
+163
+201
+150
+186
+184
+149
+191
+173
+181
+167
+237
+175
+198
+123
+130
+75
+201
+176
+168
+167
+212
+195
+231
+180
+147
+93
+127
+111
+130
+78
+146
+81
+104
+93
+93
+94
+122
+134
+116
+91
+82
+75
+148
+86
+115
+133
-301
-148
-171
-132
-373
-315
-374
-99
-130
-107
-135
-100
-141
-118
-175
-118
-215
-106
-180
-117
-144
-94
+78
+125
+98
+88
+85
+87
+102
+122
+77
+128
+91
+126
+85
+119
+88
+134
+142
+75
+81
+96
+97
+138
+149
+118
+104
+82
+97
+97
+101
+135
+87
+102
+102
+101
+126
+121
+99
+132
+142
+138
+92
+94
+101
+80
+109
+79
-171
-89
-198
+128
+113
+105
+114
-95
-92
-83
-95
-89
-94
-125
-77
-101
-137
-106
+80
-80
-106
-142
-177
-132
-175
-77
-78
-88
+84
+95
+91
+142
+86
+120
+122
+108
-95
-80
-94
-94
-80
-107
-80
-98
-98
-114
-110
-80
-97
-115
-85
-94
-75
-99
-124
-93
-162
-103
-201
-162
-220
-170
-176
-273
-251
-292
-360
-502
-6090
-6086
-6090
-6100
+116
+117
+77
+93
-100
-141
-102
-207
-132
-181
-155
-344
-200
-87
-230
-716
-536
-760
-763
-841
-819
-120
-90
-90
+120
+80
+137
-151
+125
+86
+138
+136
+122
+146
+119
+138
+79
+103
+82
+83
+96
+115
+79
+106
+90
+105
+80
+100
+90
+104
+111
+119
-83
-88
-83
-119
-130
-77
-103
-88
-101
-87
-118
-119
-105
-152
-83
-145
-135
-126
-121
-116
-159
-149
-198
-146
-195
-162
-185
-183
-198
-190
-202
-164
-187
-178
-183
-172
-179
-138
-231
-190
-246
-221
-269
-277
-428
-409
-432
-412
+87
+89
+101
+142
+97
+135
+119
+102
+149
+115
+110
+124
+136
+101
+130
+127
+139
+139
+133
+106
+105
+136
+94
+76
+105
+138
+135
-127
-94
-111
-96
-129
-101
-139
-98
-153
-133
-178
-145
-155
-136
-161
-117
-169
-95
-169
-111
-166
-75
-107
-82
-153
-107
-152
-174
-133
-147
-108
-312
-122
-115
-103
-190
-86
-174
-160
-169
-160
-206
-183
-209
-173
-225
-151
-159
-152
-200
-147
-210
-152
-253
-205
-358
-317
-405
-288
-349
-295
-355
-225
-224
-212
-244
-245
-294
-200
-347
-309
-351
-237
-187
-348
-553
-762
-637
-975
-581
-1246
-1230
-408
-6095
-6110
-6696
#-20
-7263
#-13
-7277
#-13
#-13
#-20
#-5
#-8
+75
+114
+129
+113
+147
+86
+102
+125
+86
+83
+77
+133
+84
+149
+133
+138
+138
-102
-78
+78
+136
+75
+108
+80
+93
-138
-80
-95
-79
-94
-79
-146
-94
-122
-80
-148
-82
-137
-100
-93
-103
-145
-94
+114
+123
+141
+75
+84
+92
+85
+140
+86
-80
+106
+125
+109
+119
+102
+106
+84
+83
+82
+87
+93
+112
+114
+110
+107
+145
+83
+125
+90
+92
+97
+79
+120
+128
+86
+117
+75
+110
+84
+124
+132
+88
+102
+111
+98
+83
+96
+103
-82
-108
-76
-76
-124
-147
-92
-140
-182
-117
-154
-109
-169
-129
-170
-87
-84
+79
+105
+112
+80
+75
+85
+98
-84
-104
+100
-88
+113
+100
+85
+99
+125
+88
+106
+127
+122
+76
+134
+109
+117
+95
+115
+98
+96
+101
+103
+149
+79
+119
+112
+101
+78
+75
+90
+99
+84
+103
+94
+77
+121
+80
+144
+103
-136
-91
-156
+91
-93
-138
-101
+103
+111
+87
-269
-253
-341
-277
-325
-291
-466
-407
-574
-529
-552
-536
-583
-591
-589
-585
+98
+111
+104
+97
+123
+106
+113
+106
+96
+111
+119
+79
+93
+114
+107
+111
+108
+98
+125
-83
-144
-122
-179
-155
-259
-150
-244
-90
-91
+76
+80
+131
+136
+146
+127
+114
+124
+75
+139
+108
+101
+106
+83
+110
+109
+91
+81
-78
+90
+139
+80
+142
+97
+121
+104
+84
+89
+131
+92
+145
+84
+138
+134
+78
+105
-102
-116
-81
-106
-155
-121
-154
-107
-148
-121
-160
-99
-165
-91
-148
-115
-173
-92
-134
-124
-299
-103
-107
-82
-121
-112
-151
-87
-185
-76
-320
-110
-83
-94
-76
-91
-81
-125
+107
+133
+89
+121
+121
+141
+105
+138
+119
+141
+90
+75
+106
+127
+77
+85
+127
+107
+75
-87
-78
-90
-82
-86
+86
+75
+106
+88
+104
+95
+140
+86
+135
-98
-75
-88
-124
-77
-301
-83
-86
-140
-83
+91
-444
-370
-448
-455
-488
-473
-493
-367
-6176
-6562
-2011
-1966
-2546
-6305
-6562
-6305
+123
+112
+95
+124
-76
+78
+117
+86
+126
+82
+130
+84
+146
+103
+84
+98
+140
+98
+120
+76
+77
+122
+111
+122
+83
+122
+145
-125
-560
-578
-584
-499
-1011
-1347
+113
+79
+93
+92
+81
+85
+90
+90
+82
+84
+80
+86
+86
+91
+88
+98
+92
+105
+77
+76
+96
+124
+77
+94
+117
+109
+117
+140
+122
-96
-143
+128
-114
+92
+85
+139
-135
-105
-292
+96
-110
-112
-637
-315
-397
-372
-362
-395
-389
-241
-248
+92
+81
+77
+81
+84
+97
+140
+103
+93
+136
+117
+102
+140
+139
+139
+95
+143
+120
+140
+119
+120
+118
+119
+125
+133
+93
+118
+105
+125
+108
+121
+124
+84
+80
+76
+136
+118
+76
+142
+113
+85
+101
+143
+121
+130
+80
+92
+87
+79
+84
+84
+79
+85
+83
+86
+131
+94
+76
+114
+102
+101
+122
+84
+116
+80
+85
-125
-129
-138
-94
-97
-109
-82
-154
-90
-138
-119
-167
-142
-136
-155
-157
-155
-167
-97
-154
-146
-160
-94
-105
-94
-94
-88
-84
-156
+114
+101
+81
+108
+77
-84
+113
+81
+80
+147
+88
+108
+97
-77
-76
-137
-79
-128
-84
-157
-81
-131
-120
-116
-184
-128
-181
-172
-219
-234
-190
-194
-410
-578
-1383
-1389
-1424
-1379
-1400
-1391
-1423
-1428
-1439
-1495
-1514
-1512
-1541
-1456
-93
-83
+116
+137
+87
+130
-98
-242
-198
-272
-260
-285
-244
-350
-252
-584
-300
-266
-208
+80
+120
+91
+94
+135
+137
+148
+98
+137
+99
+140
-110
-97
+76
+79
+104
+144
+134
+93
+106
+107
+104
+77
+86
+106
+100
+101
+82
+94
+87
+91
+81
+90
+97
+94
+97
+101
+79
+77
+107
+79
-93
-110
-562
-241
-268
-248
-294
-231
-331
-259
-329
-275
-291
-250
-288
-294
-379
-347
-392
-302
-352
-326
-374
-272
-353
-314
-425
-350
-596
-369
+108
+75
+101
+93
+125
+137
+100
+101
+80
+119
+141
+94
+87
+125
+125
+148
+75
+125
-98
-99
-82
-155
-106
-109
-130
-135
-82
-216
+88
+75
+100
+117
+80
+113
+115
+126
+147
+123
+106
+75
+89
+84
-116
+75
-113
-115
-101
-126
-128
-81
-112
-123
-105
-82
-106
-79
-103
-91
-92
-75
-146
-198
-157
-222
-129
-223
-177
-341
-313
-305
-193
-255
-284
-335
-296
-333
-281
-352
-326
-733
-670
+76
+100
+125
+123
+108
+144
-376
+112
+118
+102
+84
+128
+93
+125
+92
+111
+115
+91
+100
+110
+86
+86
+96
+75
+87
+84
+91
+99
+92
+94
+104
+139
+105
+134
+106
+137
+86
-81
-79
-80
-84
-92
-96
-84
-94
-83
-111
-84
-81
-85
-96
-88
-121
-103
-92
-106
-97
-97
-112
+142
+116
+135
+110
+131
-6100
-6119
-5480
-6119
#-26
-6110
#-16
#-19
+128
+125
+113
+75
+98
+128
-82
-169
-139
-87
-143
-122
-151
-83
-79
+116
+85
+122
+117
+99
+75
+81
+93
-109
+122
-158
-131
-165
-121
-171
-133
-162
-117
-175
-111
-151
-132
-154
-137
-159
-110
-228
-205
-230
-196
-253
-226
-255
-212
-265
-216
-238
-210
-244
-209
-283
-223
-311
-291
-319
-214
-340
-300
-361
-234
-302
-232
-382
-394
-378
-394
-462
-383
-685
-812
-869
-882
-910
-1150
-969
-1162
#-4
#-3
#-3
#-2
+82
+85
+101
+149
+96
+115
+75
+85
+82
+82
+77
-117
+86
+84
-75
-123
-98
-131
-88
-111
-104
-114
-113
-130
-83
-173
-133
-259
-175
-202
-168
-202
-156
-279
-298
-402
-359
-394
-368
-435
-387
-446
-314
-754
-738
-765
-763
+95
+85
+90
+96
+82
+88
+105
+102
-88
-87
-176
-118
-187
-75
+76
+79
+114
+91
+95
+79
+123
+90
+124
+79
+115
+109
+75
+105
+82
+106
+76
+115
+83
+79
+110
+129
+86
+126
+79
+148
+79
+82
+77
-80
-112
-92
-188
-106
-218
-194
-224
-139
-236
-711
-672
-1131
-1324
-1289
-369
-417
-438
-396
-398
-409
-425
-399
-348
-438
-409
-385
-386
-393
-364
-870
-888
-901
-926
-126
-87
-288
-181
-244
-80
-135
-160
-146
-116
-100
-166
-156
-145
-115
-179
-174
-197
-110
-114
-90
-172
+76
+75
+103
+101
+81
-107
-167
-193
+112
+97
+86
+112
+103
+94
+83
+139
-118
-112
-80
-152
-130
-189
-160
-204
-163
-219
-187
-280
-250
-246
-255
-262
-273
-305
-314
-308
-280
-309
-280
-312
-300
-327
-306
-343
-321
-371
-338
-319
-314
-331
-1375
-394
-827
-887
-331
-1375
-5499
-1526
-5489
-5499
-5499
-5504
-5499
-5499
-5499
-5499
-5504
-5499
-5509
-5499
-5513
#-11
#-11
+87
+123
+129
+107
-172
-147
-258
-258
-294
-317
-425
-336
-360
-342
-422
-331
-412
-240
-365
-291
-414
-173
-333
-294
-381
-300
-277
-268
-357
-103
-150
-101
-107
-78
-158
-121
-133
-99
-169
-88
-176
-123
-124
-100
-120
-117
-262
-222
-255
-262
-281
-127
-185
-139
-199
-163
-259
-215
-1029
-902
-1033
-982
-1016
-1239
-1793
-2412
-478
-6031
-701
-6066
-6043
-6095
-6095
-6110
-6095
-6119
-6095
-6105
-7272
-6105
#-19
#-15
+127
+75
+127
+96
+86
-148
-124
-150
-99
-164
-127
#-1
#-0
+108
+94
+126
+78
+101
-88
+119
-118
-77
-81
+100
+112
+131
+76
+120
+116
+110
+112
+110
-298
-290
-305
-284
-291
-289
-307
-295
-354
-340
-373
+75
+98
+105
-87
-83
-151
-113
-252
-195
-372
-344
-459
-274
-421
-389
-431
-390
-438
-403
-463
-411
-456
-416
-467
-451
-483
-446
-499
-470
-525
-462
-497
-505
-520
-487
-531
-516
-531
-535
-523
-537
-795
-556
-826
-523
-599
-510
-546
-497
-568
-605
-565
-575
-627
-583
-717
-364
-409
-382
-370
-349
-373
-402
-415
-388
-386
-389
-408
-359
-362
-386
-384
-356
-383
-402
-186
-235
-82
-121
-160
-142
-195
-83
-90
-124
-115
-102
-136
-94
-119
-124
-119
-105
-96
-112
-104
-129
-173
-124
-148
-106
-111
-104
-96
-93
-112
-82
-96
-96
-96
-136
-80
-244
-192
-250
-195
-237
-203
-244
-180
-253
-220
-280
-230
-316
-292
-300
-291
-382
-360
-365
-356
-392
-387
-382
-375
-375
-343
-437
-411
-450
-412
-475
-452
-514
-447
-474
-472
-583
-444
-535
-530
-648
-555
-171
-118
-135
-145
-189
-135
-194
-190
-238
-210
-222
-228
-248
-256
-311
-284
-273
-271
-342
-233
-298
-288
-321
-331
-336
-327
-354
-302
-399
-354
-386
-365
-381
-381
-412
-416
-415
-415
-460
-458
-469
-488
-500
-529
-628
-488
-552
-577
-666
-684
-81
-102
-85
-109
-91
-81
-757
-1246
-623
-859
-771
-922
-1282
-1332
-1537
-945
-925
-1305
-1362
-1765
-1435
-5489
-5494
-257
-780
-1211
-1188
-5456
-687
-5480
-5499
-691
-701
-701
-701
-706
-715
-701
-706
-706
-706
-5480
-706
-5499
-78
-143
-80
-100
-214
-197
-238
-210
-245
-267
-265
-215
-233
-215
-271
-223
-253
-189
-252
-195
-215
-244
-185
-184
-244
-103
-100
-100
-170
-107
-111
-103
-184
-103
-100
-103
-107
-407
-133
-652
-103
-100
-5489
-1230
-652
-602
-5499
-661
-5489
-5499
-5499
-5499
-5489
-5499
-5504
-5509
-5509
-135
-85
-97
-170
-119
-125
-105
-225
-82
-89
-86
-84
-110
-78
-121
-88
-119
-102
-89
-168
-126
-169
-98
-302
-220
-310
-82
-150
-102
-77
-132
-131
-131
-137
-99
-167
-142
-195
-150
-164
-145
-182
-137
-243
-214
-230
-233
-246
-230
-294
-262
-271
-247
-315
-313
-354
-334
-346
-332
-435
-383
-449
-401
-477
-504
-486
-450
-531
-697
-1645
-6095
-6100
#-46
-85
-145
-122
-227
-149
-232
-188
-287
-160
-302
-179
-304
-206
-325
-250
-229
-200
-373
-75
-126
-158
-174
-763
-842
-870
-842
-874
-807
-897
-816
-896
-865
-993
-947
-86
-127
-184
-223
-147
-188
-153
-215
-162
-285
-252
-711
-684
-643
-775
-608
-1025
-736
-690
-910
-1086
-6295
-81
-109
-121
-75
-121
-78
-83
-111
-92
-112
-78
-117
-107
-112
-84
-100
-78
-103
-78
-89
-94
-120
-109
-91
-112
-92
-139
-107
-160
-130
-222
-126
-164
-99
-108
-106
-112
-75
-92
-101
-104
-103
-125
-77
-114
-96
-142
-89
-92
-88
-104
-87
-75
-91
-107
-88
-82
-76
-108
-85
-96
-105
-242
-198
-259
-144
-250
-233
-300
-221
-313
-329
-369
-372
-382
-342
-396
-350
-404
-375
-484
-450
-550
-500
-555
-531
-566
-567
-635
-606
-642
-648
-717
-723
-792
-705
-682
-651
-650
-689
-712
-703
-732
-723
-859
-740
-1106
-1923
-84
-91
-84
-96
-105
-92
-88
-104
-76
-101
-224
-139
-280
-155
-282
-227
-88
-477
-318
-195
-215
-234
-519
-108
-116
-77
-83
-185
-170
-235
-170
-251
-199
-538
-239
-266
-262
-296
-251
-304
-165
-246
-212
-281
-281
-617
-328
-373
-202
-234
-187
-349
-345
-428
-385
-434
-403
-529
-525
-530
-509
-584
-540
-108
-76
-82
-85
-89
-95
-138
-84
-95
-104
-98
-78
-109
-132
-123
-132
-112
-203
-183
-254
-216
-271
-231
-272
-273
-648
-590
-558
-649
-666
-716
-142
-150
-109
-83
-166
-97
-177
-92
-147
-186
-204
-140
-231
-189
-159
-136
-187
-402
-440
-438
-1323
-1318
-1515
-1622
-1753
-6205
-6181
-6576
-87
-83
-87
-75
-116
-115
-114
-86
-137
-148
-107
-136
-96
-157
-81
-221
-202
-244
-106
-133
-82
-76
-102
-106
-121
-656
-618
-657
-691
-722
-650
-918
-896
-942
-972
-1030
-1014
-76
-79
-77
-84
-77
-128
-91
-106
-94
-75
-103
-97
-110
-79
-143
-126
-155
-107
-205
-97
-106
-76
-122
-143
-95
-128
-94
-117
-112
-111
-90
-106
-134
-80
-101
-99
-179
-150
-168
-94
-179
-137
-189
-149
-296
-291
-320
-299
-282
-350
-312
-346
-389
-381
-350
-353
-428
-419
-383
-300
-352
-318
-417
-409
-403
-363
-375
-423
-503
-489
-491
-371
-424
-488
-371
-485
-556
-609
-628
-523
-1898
-6670
-6381
-6405
-380
-284
-1389
-1559
-82
-81
-114
-138
-106
-147
-123
-185
-172
-204
-208
-266
-199
-267
-218
-312
-297
-366
-320
-394
-291
-495
-418
-551
-437
-475
-473
-81
-90
-78
-112
-134
-103
-133
-80
-81
-162
-105
-189
-151
-179
-137
-144
-149
-146
-109
-147
-112
-78
-110
-78
-129
-91
-125
-79
-135
-81
-124
-100
-85
-84
-111
-115
-118
-133
-122
-89
-95
-103
-92
-145
-119
-148
-93
-132
-116
-147
-108
-140
-97
-132
-100
-115
-97
-148
-92
-124
-99
-141
-100
-128
-121
-136
-97
-117
-109
-113
-107
-120
-142
-129
-126
-83
-121
-102
-132
-105
-111
-140
-85
-90
-89
-104
-78
-103
-83
-75
-76
-119
-84
-111
-92
-76
-100
-120
-82
-103
-102
-104
-129
-87
-102
-83
-116
-96
-76
-118
-126
-149
-121
-101
-121
-139
-78
-76
-90
-75
-80
-109
-93
-97
-99
-87
-139
-93
-140
-124
-100
-119
-116
-137
-99
-87
-79
-87
-111
-92
-123
-95
-79
-125
-97
-136
-100
-86
-81
-96
-87
-93
-88
-82
-104
-130
-99
-123
-78
-137
-125
-110
-81
-136
-126
-84
-114
-131
-118
-106
-111
-120
-86
-118
-87
-114
-101
-109
-78
-77
-87
-108
-109
-120
-104
-116
-111
-112
-93
-110
-83
-76
-83
-121
-109
-128
-146
-102
-123
-89
-83
-97
-131
-93
-88
-136
-111
-139
-118
-87
-117
-116
-135
-107
-145
-120
-127
-119
-115
-123
-148
-120
-146
-83
-80
-90
-82
-97
-91
-123
-134
-95
-106
-130
-115
-145
-118
-93
-114
-115
-119
-75
-78
-93
-89
-126
-77
-100
-91
-122
-86
-140
-96
-92
-89
-125
-75
-79
-85
-79
-97
-81
-131
-102
-79
-101
-106
-80
-97
-87
-114
-97
-135
-121
-77
-138
-146
-141
-148
-104
-87
-99
-92
-141
-108
-139
-149
-135
-139
-79
-101
-97
-123
-80
-113
-96
-142
-145
-81
-84
-76
-75
-125
-125
-135
-96
-93
-95
-99
-86
-100
-84
-140
-102
-105
-138
-86
-126
-90
-132
-82
-120
-138
-120
-129
-110
-88
-102
-87
-100
-75
-77
-81
-94
-79
-111
-78
-102
-81
-108
-113
-107
-78
-124
-85
-113
-105
-116
-93
-138
-104
-131
-104
-130
-78
-118
-92
-120
-81
-79
-88
-76
-87
-96
-92
-95
-81
-80
-75
-81
-76
-80
-95
-92
-117
-87
-125
-105
-107
-105
-96
-145
-75
-126
-77
-126
-113
-128
-146
-140
-127
-111
-98
-126
-116
-105
-129
-111
-101
-79
-130
-75
-123
-134
-121
-140
-144
-125
-132
-78
-85
-97
-85
-103
-92
-77
-107
-80
-126
-91
-75
-102
-129
-140
-144
-118
-100
-132
-139
-100
-97
-129
-87
-96
-81
-91
-104
-111
-81
-100
-91
-84
-77
-93
-76
-79
-81
-110
-133
-84
-107
-130
-127
-119
-86
-120
-111
-102
-80
-124
-97
-147
-145
-98
-131
-81
-84
-75
-132
-110
-81
-133
-88
-112
-80
-114
-95
-125
-82
-77
-135
-102
-136
-111
-105
-91
-102
-76
-87
-128
-96
-90
-88
-109
-86
-117
-123
-87
-140
-126
-137
-81
-90
-105
-100
-100
-88
-112
-78
-116
-82
-96
-116
-81
-119
-90
-117
-121
-143
-125
-110
-125
-117
-128
-128
-149
-98
-115
-75
-87
-86
-112
-92
-87
-94
-117
-133
-76
-84
-76
-75
-84
-76
-124
-87
-117
-143
-100
-82
-90
-80
-76
-120
-116
-124
-124
-108
-108
-114
-138
-91
-142
-118
-88
-129
-139
-78
-75
-79
-87
-116
-90
-77
-112
-88
-112
-105
-75
-127
-107
-128
-95
-121
-94
-121
-98
-88
-82
-97
-101
-103
-134
-98
-106
-75
-95
-93
-81
-115
-107
-75
-80
-113
-125
-94
-146
-124
-125
-119
-146
-130
-76
-90
-91
-98
-89
-111
-119
-97
-81
-103
-81
-84
-78
-90
-91
-111
-118
-77
-107
-75
-93
-112
-75
-140
-112
-124
-148
-75
-93
-120
-116
-106
-90
-135
-99
-96
-87
-99
-78
-75
-103
-87
-80
-103
-88
-100
-109
-94
-89
-121
-133
-144
-120
-137
-130
-115
-106
-78
-83
-83
-85
-75
-139
-86
-140
-107
-102
-125
-136
-80
-132
-121
-103
-141
-147
-120
-83
-77
-86
-76
-94
-142
-83
-96
-90
-103
-111
-100
-84
-83
-131
-124
-145
-105
-75
-76
-97
-79
-90
-75
-75
-96
-92
-137
-108
-146
-123
-124
-128
-113
-84
-100
-97
-148
-113
-94
-142
-90
-112
-123
-141
-90
-99
-137
-75
-105
-97
-144
-145
-86
-90
-147
-85
-82
-89
-104
-109
-76
-90
-92
-109
-124
-96
-84
-137
-113
-111
-141
-126
-132
-110
-104
-98
-108
-120
-98
-107
-81
-105
-109
-78
-79
-91
-83
-87
-78
-94
-87
-90
-93
-147
-75
-75
-87
-106
-103
-75
-107
-80
-105
-134
-83
-141
-120
-141
-97
-81
-146
-137
-134
-102
-109
-141
-133
-108
-112
-87
-110
-113
-143
-128
-113
-128
-138
-131
-101
-100
-127
-115
-93
-122
-92
-107
-112
-87
-97
-113
-106
-93
-94
-138
-83
-82
-96
-87
-82
-90
-88
-91
-102
-90
-125
-101
-88
-106
-140
-89
-77
-78
-88
-94
-144
-121
-132
-100
-143
-140
-147
-131
-119
-121
-127
-140
-118
-127
-91
-140
-130
-129
-80
-101
-111
-96
-85
-120
-77
-80
-81
-117
-108
-77
-95
-104
-90
-84
-76
-125
-105
-143
-102
-140
-75
-94
-109
-147
-122
-141
-139
-100
-121
-108
-124
-128
-100
-121
-105
-121
-111
-98
-119
-102
-121
-110
-98
-119
-102
-113
-93
-87
-98
-88
-92
-93
-87
-94
-88
-122
-98
-133
-109
-86
-100
-125
-105
-101
-75
-85
-96
-94
-107
-114
-106
-107
-97
-104
-106
-79
-101
-94
-84
-98
-146
-100
-112
-110
-84
-108
-95
-120
-101
-121
-95
-142
-94
-127
-93
-124
-79
-104
-123
-96
-118
-80
-89
-81
-79
-75
-82
-89
-87
-79
-109
-112
-137
-110
-124
-145
-126
-115
-85
-140
-93
-148
-131
-138
-146
-143
-112
-105
-88
-119
-133
-147
-115
-143
-133
-83
-103
-104
-116
-89
-96
-90
-103
-109
-79
-82
-135
-75
-138
-83
-85
-97
-137
-124
-106
-76
-83
-79
-97
-89
-75
-106
-79
-82
-127
-97
-112
-103
-136
-131
-79
-75
-118
-136
-135
-119
-146
-141
-119
-99
-116
-77
-81
-75
-100
-83
-82
-126
-94
-86
-86
-97
-122
-125
-136
-137
-80
-98
-118
-104
-93
-114
-91
-77
-75
-80
-88
-93
-86
-116
-123
-130
-97
-100
-129
-145
-113
-78
-86
-115
-75
-76
-90
-141
-92
-88
-89
-85
-80
-91
-96
-76
-83
-128
-89
-76
-87
-96
-96
-108
-76
-116
-110
-117
-86
-94
-110
-88
-90
-87
-90
-93
-87
-110
-96
-86
-90
-136
-78
-82
-125
-75
-112
-108
-89
-125
-86
-127
-77
-86
-77
-75
-79
-102
-88
-87
-82
-84
-81
-118
-108
-103
-143
-84
-84
-130
-91
-100
-83
-118
-78
-100
-122
-82
-87
-85
-87
-96
-75
-100
-82
-98
-102
-92
-87
-119
-127
-75
-85
-84
-94
-118
-102
-99
-83
-124
-95
-86
-76
-87
-79
-114
-89
-147
-149
-132
-79
-75
-75
-78
-82
-94
-89
-105
-77
-83
-87
-78
-77
-99
-134
-146
-76
-112
-80
-84
-106
-117
-81
-86
-85
-79
-94
-143
-116
-133
-85
-77
-101
-90
-86
-100
-111
-128
-118
-105
-94
-115
-75
-116
-90
-88
-95
-137
-85
-78
-110
-133
-75
-140
-125
-87
-98
-131
-87
-108
-101
-84
-79
-88
-88
-117
-95
-84
-77
-111
-87
-81
-140
-146
-100
-146
-84
-86
-145
-140
-92
-140
-79
-120
-127
-114
-118
-136
-77
-99
-85
-87
-118
-85
-137
-101
-87
-90
-84
-96
-137
-148
-81
-78
-112
-142
-104
-78
-135
-117
-81
-118
-101
-112
-132
-80
-114
-84
-125
-89
-143
-102
-119
-81
-78
-87
-106
-112
-80
-87
-137
-88
-146
-107
-139
-114
-83
-99
-77
-109
-124
-136
-88
-90
-100
-108
-79
-97
-75
-101
-84
-90
-111
-103
-100
-105
-128
-118
-120
-89
-114
-105
-119
-112
-88
-81
-75
-143
-133
-77
-88
-146
-81
-113
-76
-86
-99
-88
-100
-106
-101
-86
-95
-104
-119
-93
-138
-88
-124
-128
-78
-136
-98
-127
-92
-115
-76
-81
-91
-96
-100
-130
-143
-144
-147
-122
-84
-94
-80
-106
-77
-124
-104
-118
-90
-138
-123
-126
-77
-116
-101
-107
-93
-136
-86
-102
-147
-138
-137
-136
-93
-88
-83
-82
-94
-99
-113
-109
-93
-99
-112
-94
-106
-138
-126
-98
-85
-108
-84
-126
-105
-131
-85
-86
-97
-128
-141
-112
-112
-135
-92
-86
-138
-102
-92
-116
-79
-126
-137
-84
-84
-136
-108
-126
-111
-124
-136
-95
-134
-111
-138
-82
-101
-97
-81
-76
-149
-99
-90
-76
-147
-133
-88
-75
-136
-82
-125
-75
-106
-125
-90
-90
-75
-88
-122
-94
-110
-134
-102
-140
-89
-139
-104
-134
-122
-109
-131
-126
-83
-99
-85
-120
-77
-79
-90
-125
-148
-141
-100
-86
-108
-113
-105
-137
-89
-136
-106
-99
-107
-103
-141
-113
-108
-144
-120
-148
-107
-134
-118
-144
-135
-126
-141
-149
-79
-146
-77
-126
-82
-137
-89
-109
-120
-127
-147
-111
-113
-93
-115
-146
-95
-129
-116
-103
-119
-88
-102
-137
-115
-93
-113
-87
-109
-102
-93
-81
-83
-132
-94
-84
-148
-97
-114
-86
-77
-94
-79
-126
-91
-93
-98
-85
-116
-94
-149
-84
-146
-147
-138
-86
-84
-92
-136
-83
-118
-105
-104
-95
-107
-104
-116
-86
-109
-90
-118
-76
-111
-89
-122
-95
-118
-121
-124
-75
-146
-87
-134
-111
-90
-76
-99
-142
-82
-106
-119
-96
-123
-92
-143
-121
-77
-135
-80
-104
-106
-77
-102
-149
-131
-117
-142
-139
-136
-114
-144
-122
-130
-133
-118
-138
-75
-115
-84
-104
-76
-91
-99
-141
-131
-94
-121
-127
-106
-140
-81
-90
-82
-89
-84
-100
-142
-92
-144
-90
-100
-77
-107
-100
-147
-135
-149
-123
-125
-123
-138
-110
-112
-135
-101
-100
-81
-98
-123
-101
-123
-82
-94
-78
-98
-116
-85
-81
-93
-82
-103
-84
-117
-94
-96
-140
-122
-126
-116
-148
-117
-147
-141
-94
-139
-90
-95
-104
-119
-143
-81
-99
-113
-143
-143
-104
-77
-102
-94
-104
-89
-118
-85
-137
-146
-123
-91
-135
-99
-115
-89
-104
-103
-96
-78
-75
-78
-75
-125
-137
-79
-114
-142
-76
-133
-130
-141
-143
-106
-147
-147
-141
-127
-82
-120
-148
-149
-136
-80
-97
-78
-120
-128
-146
-103
-76
-75
-87
-75
-107
-89
-89
-92
-135
-140
-138
-146
-124
-137
-110
-138
-141
-129
-119
-132
-102
-113
-95
-105
-75
-147
-79
-81
-126
-149
-127
-96
-127
-75
-101
-86
-100
-108
-98
-82
-101
-107
-128
-87
-132
-111
-111
-127
-114
-105
-120
-116
-126
-117
-131
-104
-99
-97
-83
-114
-75
-131
-113
-121
-76
-110
-92
-114
-128
-139
-100
-141
-146
-128
-136
-76
-108
-102
-92
-87
-99
-80
-105
-85
-79
-149
-117
-141
-137
-76
-87
-87
-80
-88
-95
-108
-121
-84
-114
-85
-84
-83
-80
-77
-76
-102
-105
-111
-105
-99
-133
-86
-148
-85
-88
-130
-83
-82
-94
-104
-102
-128
-75
-120
-149
-97
-127
-142
-115
-148
-110
-75
-87
-90
-87
-109
-94
-100
-126
-108
-128
-90
-114
-99
-84
-79
-146
-101
-147
-112
-91
-113
-97
-86
-97
-103
-92
-109
-133
-100
-116
-98
-149
-81
-104
-91
-136
-142
-91
-138
-100
-116
-137
-112
-147
-148
-79
-134
-149
-87
-82
-133
-108
-119
-79
-119
-77
-105
-88
-86
-77
-101
-87
-122
-86
-96
-131
-141
-125
-115
-149
-99
-132
-122
-79
-86
-109
-104
-133
-118
-94
-102
-93
-121
-100
-89
-102
-75
-84
-75
-77
-103
-78
-142
-117
-106
-132
-122
-100
-111
-88
-126
-136
-101
-126
-136
-78
-75
-82
-75
-95
-129
-110
-136
-89
-144
-120
-148
-104
-146
-136
-120
-143
-134
-76
-133
-119
-125
-100
-78
-105
-93
-82
-88
-108
-79
-87
-140
-94
-90
-84
-105
-84
-112
-115
-80
-100
-79
-135
-95
-144
-132
-136
-137
-146
-142
-139
-117
-92
-82
-109
-84
-76
-80
-77
-86
-118
-85
-132
-116
-133
-88
-75
-75
-101
-76
-102
-122
-91
-130
-87
-138
-107
-107
-128
-142
-147
-139
-126
-146
-131
-93
-120
-117
-124
-76
-77
-87
-107
-96
-86
-96
-109
-109
-93
-89
-142
-94
-114
-137
-86
-119
-89
-145
-102
-138
-92
-86
-88
-99
-89
-148
-88
-75
-81
-113
-88
-108
-96
-96
-116
-77
-76
-97
-106
-123
-87
-93
-89
-85
-90
-123
-147
-92
-82
-122
-85
-75
-108
-76
-100
-89
-105
-88
-75
-116
-81
-76
-76
-121
-101
-123
-133
-98
-80
-82
-137
-140
-95
-87
-81
-119
-125
-121
-86
-120
-90
-84
-97
-105
-82
-77
-93
-86
-75
-100
-87
-106
-110
-135
-75
-134
-104
-122
-97
-131
-90
-119
-105
-75
-118
-89
-114
-97
-92
-127
-125
-129
-83
-76
-80
-79
-97
-87
-107
-89
-123
-85
-106
-97
-139
-112
-107
-124
-114
-119
-142
-144
-125
-79
-81
-75
-79
-78
-111
-78
-121
-78
-95
-96
-128
-82
-86
-96
-84
-104
-96
-86
-98
-75
-77
-83
-103
-86
-91
-77
-104
-83
-127
-91
-120
-130
-143
-121
-111
-82
-100
-93
-103
-93
-92
-127
-94
-100
-104
-82
-80
-137
-85
-77
-103
-81
-89
-78
-87
-77
-94
-77
-110
-123
-136
-98
-91
-124
-109
-97
-88
-98
-77
-80
-128
-119
-115
-130
-119
-149
-138
-75
-125
